   2.0000000e+00   9.2389289e-01   1.4161320e+00   6.4234072e-01  -4.4205359e-02   1.2866402e-01   2.8330476e-01
   2.0000000e+00   1.8859324e+00   1.3200996e+00  -1.1514206e-01  -1.4102225e+00  -1.1757091e+00  -4.4124528e-01
   2.0000000e+00   2.2442040e-01  -3.0781448e-01   1.7365823e+00  -5.7619307e-01  -9.8213983e-01  -9.8726999e-01
   2.0000000e+00  -1.2206276e+00  -1.5690043e-01   1.4455911e+00   1.5517684e+00  -1.5877065e+00  -1.7650494e+00
   2.0000000e+00  -1.4308523e+00   2.9471359e-01  -8.1295487e-03   1.4463851e+00   6.2607850e-01  -1.2028700e-01
   1.0000000e+00  -6.0904772e-01   4.4611539e-01   1.5417344e+00   1.7842278e+00  -5.8322197e-03  -4.6808936e-01
   2.0000000e+00   2.0669801e+00   8.6794230e-01   1.1402787e+00  -4.3529402e-01   3.1258009e-03   7.3932056e-01
   2.0000000e+00   1.2473468e+00  -7.9195285e-01  -1.4643376e-01  -7.9926755e-01   1.4420744e-01  -1.4603024e+00
   2.0000000e+00   1.3752749e+00   4.2727526e-01  -1.6485705e+00   1.3379279e+00   8.6132566e-01  -3.2955374e+00
   2.0000000e+00   9.7111166e-01   9.1180315e-01   3.6659208e-01   1.5385219e+00  -5.6349040e-01   1.3198706e-01
   2.0000000e+00   5.5432300e-01  -3.0494906e-01   1.6468835e-01   1.0833646e+00   1.4083154e-01   1.6379992e+00
   2.0000000e+00  -1.2865801e+00  -2.0041305e-01  -1.5239045e-01  -7.2896364e-01  -8.7340639e-01   3.5635076e-01
   2.0000000e+00   2.7609474e-01  -8.3926084e-01   4.1178109e-01   1.7757794e-01   1.1446362e+00  -1.2208480e+00
   1.0000000e+00   7.7907045e-01   5.2193316e-01  -6.3073815e-01  -3.9037203e-01  -7.4127017e-01   1.3556618e+00
   2.0000000e+00   8.7983154e-01   5.6576131e-01   9.7428981e-01   3.2293170e-01   1.0269869e+00  -5.0203945e-01
   2.0000000e+00   6.5199919e-01   3.1659136e-01  -1.3740578e-01  -2.2983826e+00  -1.1635641e+00   9.4252822e-01
   2.0000000e+00   2.0828377e-01   1.0599054e+00   3.4214921e-01   4.3113673e-01   2.1528782e+00  -1.0330468e+00
   2.0000000e+00   1.4102809e-01   1.3983729e+00   2.0076405e-01  -6.7438135e-01   1.5952057e+00   5.9120747e-02
   1.0000000e+00   3.8996231e-01   2.4022402e-01   6.4176746e-01   1.1388201e+00  -3.4150545e-01  -4.2550662e-01
   2.0000000e+00  -3.1712825e-01  -3.3058529e-02   9.3241686e-01   1.4116425e-01   4.5568761e-01  -1.3250521e+00
   2.0000000e+00   4.7964832e-01   1.8504315e+00  -1.0347735e+00   1.0829090e+00  -4.7550090e-01   2.7793768e+00
   1.0000000e+00  -2.3183925e-01   4.8019998e-01   1.7873900e+00   2.0502184e-01  -1.4193157e+00  -3.8639696e-01
   1.0000000e+00   8.0708282e-01   4.3510493e-01   5.8013767e-01   1.0416840e+00  -1.2218989e+00  -2.7977744e-01
   2.0000000e+00   5.2048474e-01   9.1278221e-01  -2.6357076e+00  -1.1448205e+00  -1.4656074e+00  -4.8939718e-01
   2.0000000e+00   9.7211452e-01  -1.7541482e+00  -8.8339438e-01  -3.8936065e-01   9.5173680e-01   8.2718776e-01
   2.0000000e+00  -1.8306577e-01  -2.3511709e-01   6.4424996e-02   6.0994358e-01  -5.5311033e-01  -5.0558080e-01
   1.0000000e+00  -7.9190876e-01   1.7836166e-01   3.8888220e-01   3.5713054e-01  -1.8802531e+00   9.5989263e-01
   2.0000000e+00   5.5566428e-01   1.9747571e+00   1.2699459e+00   2.0067877e-01   5.8706986e-01  -4.1862141e-01
   2.0000000e+00  -1.2130430e+00   2.3139495e-01  -1.3569126e+00  -6.4836977e-01  -1.4574785e+00   3.6141944e-01
   2.0000000e+00  -2.0314357e-01  -1.2398422e+00  -4.9895840e-01  -5.0384834e-01   1.0567802e+00   1.5477459e+00
   2.0000000e+00  -2.1342752e+00  -1.2718188e+00  -2.7363123e-01   1.6263155e-01   3.4384098e-01   5.9142244e-01
   2.0000000e+00   6.1065611e-01   1.0544194e+00   7.3029461e-01  -1.3500867e+00   5.0499654e-02   1.7060261e-01
   2.0000000e+00   4.5684325e-01   1.2803259e+00   6.8271342e-01  -2.6082391e-01  -2.3670487e-02   1.5295405e+00
   2.0000000e+00   7.7522213e-01  -1.5378016e+00   1.0984573e+00   6.7002048e-01  -5.6140683e-01   6.0494509e-01
   2.0000000e+00  -8.2244897e-01  -5.3168560e-01   5.0134989e-01   6.5885776e-01  -1.3185979e+00   2.2125860e+00
   2.0000000e+00   1.2874336e+00   5.7261469e-01   3.6177157e-01   1.0921558e+00   3.6034348e-01   1.2895804e+00
   2.0000000e+00  -3.4032414e-01   9.8828064e-01  -1.1719047e-01   2.3516395e-01  -6.6094373e-01  -2.9675058e-01
   1.0000000e+00   7.7452209e-01   8.7017673e-02  -1.1295188e-01  -6.8121017e-01   4.2613504e-01  -1.2164128e+00
   2.0000000e+00   3.8671038e-01  -9.4400329e-01  -2.7451913e-01  -7.3791468e-01   1.8373506e+00  -1.1491719e-01
   2.0000000e+00  -3.7043784e-01  -3.2368725e-02  -7.3400428e-01  -1.4963062e+00  -3.4945918e-02   1.5680883e+00
   2.0000000e+00  -7.0063439e-01   3.7495547e-02  -1.3201009e-01   2.1556521e+00   5.8463313e-01  -1.0425580e+00
   2.0000000e+00   4.5879076e-01  -1.2537480e+00   6.4539123e-01  -3.3516899e-01   1.0975510e+00  -9.9000973e-01
   2.0000000e+00   2.3817017e+00   1.7396071e+00  -2.2224345e-01   8.4504289e-01   1.0104117e+00  -7.0787256e-01
   2.0000000e+00  -8.4071736e-02   1.4169724e+00   7.8211295e-01   3.6153094e-01  -1.8997775e+00  -5.1219475e-01
   2.0000000e+00  -1.3837566e+00  -1.6405908e+00   1.3906024e+00  -5.2958676e-01   3.4421131e-01   9.2209681e-01
   2.0000000e+00  -5.7601332e-01  -9.6028379e-01   9.1303159e-02   5.1014580e-02  -2.3151198e+00   4.0203889e-01
   2.0000000e+00   6.4863699e-01  -1.1769312e+00  -2.9419095e-01  -5.8656052e-01   6.9945848e-01   6.9258608e-01
   1.0000000e+00  -4.0837944e-01   1.1416017e-01  -1.1480067e+00   1.4064008e+00  -1.5436965e-01   2.2080147e-01
   2.0000000e+00  -2.5110592e-01  -9.9122437e-01  -1.0004013e+00  -6.0011162e-01  -1.1740082e+00  -8.0641699e-02
   2.0000000e+00  -1.5464623e+00  -1.5528780e+00   3.8445817e-01  -1.0304472e+00  -6.5685396e-01  -2.7528085e-02
   2.0000000e+00  -4.7413727e-01   1.4768742e+00  -9.6522155e-01   1.8947357e+00  -4.3359073e-01   4.1028340e-01
   2.0000000e+00  -2.7383337e+00   1.8215784e-01  -4.3908076e-02  -2.3529111e+00   1.7143237e+00  -3.0110520e-02
   2.0000000e+00   1.0371820e+00   4.7285718e-01   8.0253502e-01  -7.0543720e-01   1.7315379e+00  -5.1056493e-01
   2.0000000e+00   1.2208463e+00  -2.5894051e-01   5.8734484e-01  -4.9005740e-01   6.1337394e-01   3.3291023e-01
   2.0000000e+00   1.0372895e+00   8.4040778e-01  -1.4679467e-01   1.0942065e+00  -4.7699010e-01  -2.0536101e+00
   2.0000000e+00   2.1937973e+00  -9.2775087e-01   1.0642181e+00  -6.3900999e-01   6.6688740e-01  -2.4126406e-01
   2.0000000e+00  -2.7162387e+00  -1.3647538e+00  -1.1230481e+00  -1.3190888e+00  -2.0768040e-01  -1.4159711e-01
   1.0000000e+00  -2.7911873e-01   2.8447645e-01  -4.5631825e-02  -1.0185715e-01  -1.1474009e+00   1.0946347e+00
   1.0000000e+00   3.8459672e-01   8.8656177e-01  -2.6196354e+00  -4.4571933e-01  -3.6110357e-02   2.9234931e-02
   1.0000000e+00   5.4280267e-01   1.1804797e-01  -8.3033982e-01   4.0200866e-01   1.1906463e+00  -5.6955801e-01
   2.0000000e+00   1.5113968e+00   8.6253408e-02   1.3426928e-01  -1.8671504e+00  -3.9911437e-01   8.3293089e-01
   2.0000000e+00  -9.4231438e-01  -1.2099775e+00  -5.3462221e-01   1.4177713e+00  -1.1907854e-01   6.3530773e-01
   2.0000000e+00  -1.4075757e+00  -7.6176297e-01  -3.5110047e-01  -4.6528977e-01  -7.7088526e-01  -1.1523514e+00
   2.0000000e+00   1.0112708e+00  -6.5750349e-01  -5.1946429e-01  -2.0117285e-01   1.1549313e+00  -1.0609718e+00
   2.0000000e+00   1.7273929e-01   1.8225352e+00  -3.1953372e-01  -8.8539276e-01  -1.5354495e-01  -6.3196241e-01
   2.0000000e+00  -2.2763236e-01  -1.8863151e+00  -6.5915368e-01   2.3638142e-01  -9.5146329e-01   1.6205711e+00
   2.0000000e+00  -8.0063743e-01   8.9433036e-01  -1.7410732e-01   1.2766978e+00   8.0073874e-01   1.6126603e-01
   2.0000000e+00   2.3376148e-02  -1.9633400e+00   9.4924153e-01  -8.3859615e-01   1.4657824e+00  -3.7878022e-01
   2.0000000e+00  -2.3426399e-01  -8.5154910e-01   1.6282699e+00  -1.2660811e+00  -1.3500451e-02   7.8751083e-01
   2.0000000e+00   7.5062491e-01  -7.9493733e-01   1.5085995e+00  -2.1465403e+00   5.2053652e-01  -3.6004961e-01
   1.0000000e+00   1.4013307e-01   8.4448732e-01  -5.7895439e-01  -1.0805909e+00   4.1837329e-01  -1.7679793e+00
   2.0000000e+00   5.4480266e-02   1.6485365e+00   5.1019342e-01  -1.3867271e+00   3.3732885e-01   1.1881000e-01
   2.0000000e+00  -5.9344586e-02  -5.9478189e-02   3.2967649e-01  -8.0491856e-01   4.2761269e-01  -2.6145160e+00
   1.0000000e+00  -5.3063985e-01   3.0107860e-02  -9.8868922e-01   4.2936487e-01  -4.3762983e-01  -3.4941630e-01
   2.0000000e+00  -1.7744349e+00   8.8382717e-01   2.3325708e+00  -6.6880820e-01   7.7306832e-01  -5.5235069e-01
   2.0000000e+00  -1.5981156e-01  -1.0266449e+00   4.4321061e-01   1.2309745e+00   4.2353504e-01  -1.2788421e+00
   2.0000000e+00   8.5743478e-01  -1.3935417e+00  -1.2324691e-01  -2.4533622e+00   8.6081058e-01  -7.8691158e-01
   2.0000000e+00   6.8950119e-01  -1.0362148e+00   2.3888682e+00   8.9823488e-01   1.9146348e+00  -7.2218594e-01
   2.0000000e+00  -2.1512882e-01  -5.1403306e-02  -2.8667519e-01  -1.2624217e+00  -2.4112869e-01   4.0938933e-01
   2.0000000e+00   1.3089047e+00   4.6212846e-01  -1.8574668e+00  -9.5818076e-01   3.9753256e-01   1.1768464e+00
   2.0000000e+00  -2.1595586e+00  -7.8773922e-01   1.1428737e+00   8.6405990e-01   4.8384970e-01  -2.9023992e-01
   2.0000000e+00  -9.6615598e-01  -6.7575610e-01   8.6428100e-01  -6.1604622e-01   1.4811862e+00  -2.6148533e-01
   1.0000000e+00   8.9630648e-02   2.1906223e-01   1.1935688e+00   3.9599184e-01   1.2541692e+00  -2.1842972e-01
   2.0000000e+00  -7.4177663e-02  -2.1540350e-01  -6.5575703e-01  -8.9596601e-01  -3.5245665e-01  -1.3405835e-01
   2.0000000e+00   1.3845090e-02  -9.8343472e-01   1.8805875e+00  -1.2090426e+00  -2.6170125e+00   7.9377253e-02
   2.0000000e+00  -8.4587224e-02  -7.6463866e-01  -7.2369608e-01  -9.2004779e-02   1.9849225e-01  -2.0130910e-01
   2.0000000e+00  -2.0924026e+00   4.0939596e-01   6.9443043e-01   1.2708026e-01   6.0783546e-01  -1.6345010e+00
   2.0000000e+00   2.2821872e-01  -2.9064407e-01  -7.7591153e-01   1.6196381e+00   7.5119521e-01  -1.3038794e+00
   2.0000000e+00  -3.0767055e-02  -3.4607760e-01  -2.5219375e-01  -1.2967778e-01  -2.9603746e-02  -5.8835771e-01
   1.0000000e+00  -2.9784876e-01   3.4716191e-01  -1.4041501e+00   3.6245134e-01   4.8984045e-01  -1.1411726e+00
   2.0000000e+00  -1.3150125e+00  -5.8271023e-01   1.0074901e+00   3.3333922e-02  -3.3889082e-01  -2.0227431e+00
   1.0000000e+00  -2.5546849e-01   8.6288597e-01   1.5780512e+00  -4.3879064e-01  -2.0632458e-01  -4.8336148e-01
   1.0000000e+00   3.7691765e-01   1.2093133e-01   7.1210545e-02  -5.7354795e-01  -3.7600183e-01   1.2282453e+00
   2.0000000e+00   2.2083436e-01  -3.2890355e-01   8.5224945e-01  -6.9835041e-01   1.7348298e+00   7.7495844e-02
   2.0000000e+00  -3.5765066e-01  -2.5052119e-01   1.5425225e-01  -1.1484952e+00   7.8750425e-01   4.5393111e-01
   2.0000000e+00   1.3837831e-01  -4.7046442e-01  -1.8306242e-01  -3.2476081e-01   3.6322863e-01   1.3099868e-01
   2.0000000e+00   8.0511218e-01  -7.0039416e-01   3.2070217e-01   5.3789593e-01  -8.3440582e-01  -8.2992868e-02
   2.0000000e+00  -1.0104670e-01   1.9879453e+00  -4.8021375e-01  -1.2513193e+00   1.1244031e+00   1.1801859e+00
   2.0000000e+00  -2.7946552e-01  -7.6599599e-01  -1.1071876e-01   3.8278214e-01   1.3381970e+00   3.8545870e-01
   2.0000000e+00   9.9497720e-01   1.3073832e+00  -7.0534746e-01   1.2678754e+00   1.6556678e-01   1.5805915e+00
   2.0000000e+00   1.3677319e+00   5.4115275e-01  -2.4946933e+00  -1.0745752e-01  -3.4380171e-01   1.0920899e+00
   1.0000000e+00  -5.6710136e-01   7.6467263e-01  -1.1005788e-01   1.7260353e+00  -9.7136855e-01   1.5416929e+00
   2.0000000e+00   7.7337889e-01  -2.5928501e-01   6.9781590e-01   2.0572760e-01   3.0239049e-01  -5.6851338e-01
   1.0000000e+00   1.0377278e-01   6.7508189e-01  -7.4777209e-01  -1.7967477e+00   1.6326667e+00  -1.1557952e+00
   1.0000000e+00   6.8925978e-01   6.1744125e-01   9.2362272e-01  -3.3831802e-01  -2.0725959e-01   6.0041038e-01
   2.0000000e+00  -9.6664916e-01   1.8337721e+00  -6.9008407e-01   2.9078589e-01   1.6147256e+00  -9.4121621e-01
   2.0000000e+00  -1.0147924e+00   6.0609942e-01   9.4402712e-01  -9.2437386e-01   8.9320312e-01   1.5247598e-01
   2.0000000e+00   6.7664606e-01  -2.9761917e-01  -1.0409056e+00  -2.3844650e-01   1.3007822e+00  -5.9886448e-01
   2.0000000e+00  -1.5694795e+00  -5.5167495e-01   6.8743092e-01  -2.2032987e-01  -4.8628623e-01  -6.4780517e-01
   2.0000000e+00   1.4018539e+00  -7.3532731e-01  -1.1863444e-02  -8.1862335e-01   1.2106881e+00  -8.2306925e-01
   1.0000000e+00   3.1804336e-01   9.0770071e-02   2.6417751e-01   4.0925871e-01  -1.8242143e-01  -9.2225647e-02
   2.0000000e+00  -5.6562056e-01   1.1107056e+00   1.1697704e+00   1.5899181e+00  -5.8749925e-01   5.4490899e-01
   2.0000000e+00  -1.4769067e+00   1.1502288e+00   6.1880367e-01   1.9169842e+00  -2.6017140e-01  -4.1293171e-01
   2.0000000e+00   6.3869662e-01  -1.0506419e+00   1.0327691e+00   9.0677141e-01   3.3515030e-01  -2.1810185e-01
   2.0000000e+00  -1.1362997e+00  -3.1784364e-01   1.2366236e+00  -7.7712358e-01  -1.4994648e+00  -2.0176269e-01
   1.0000000e+00  -3.4091734e-01   2.3657556e-01  -9.9541738e-01   3.1044581e-01  -3.3423989e+00  -1.7830442e+00
   1.0000000e+00  -8.7926509e-01   4.2237624e-01   5.3721079e-01  -9.5513942e-01  -1.1242250e+00  -2.5619898e-01
   2.0000000e+00  -6.3478866e-01   1.2337803e+00  -1.5721914e+00  -1.7611906e+00  -1.1570908e+00   1.7662667e-01
   2.0000000e+00   2.4397426e-01  -1.4249484e+00  -4.0594530e-01   7.6811895e-01   6.3253680e-01   3.4211547e-01
   2.0000000e+00   1.1616190e+00  -1.5851669e+00   9.3501409e-01  -9.6118420e-01   4.0163100e-02   1.3226611e+00
   2.0000000e+00  -8.3958020e-01  -7.8714332e-01  -9.5119413e-01  -2.3793064e+00  -1.0138877e-01  -4.7668362e-01
   1.0000000e+00   9.3805012e-01   2.8246758e-01   4.1709948e-02   2.6539418e-01  -2.8884829e-01   1.9242118e+00
   2.0000000e+00  -1.4924511e+00  -2.2419367e-01  -3.0005859e-01   2.1092169e+00  -1.8169968e+00  -5.4033115e-01
   2.0000000e+00  -6.2984894e-01  -1.7737688e+00   3.1048116e-01   5.6011558e-02   1.1521624e+00   1.2236607e-01
   2.0000000e+00  -3.7693615e-01  -1.2282943e+00  -3.6173501e-01   5.1283882e-01  -3.8822430e-01  -7.0457946e-01
   1.0000000e+00  -7.0652063e-01   2.7112926e-01   1.1269667e+00  -3.5170206e-01   6.5124876e-01   2.4922974e+00
   2.0000000e+00  -7.5216338e-01  -1.7482779e+00  -3.9697303e-01  -2.3418072e-01   1.6247802e-01   1.9512659e-01
   1.0000000e+00  -8.6340769e-01   4.3801405e-01   2.3035386e+00  -4.9735592e-01   2.2049786e+00   3.9930217e-02
   1.0000000e+00   5.1163410e-01   2.0059476e-01   2.9564901e-01   3.9175100e-01   9.0530639e-01   1.4756743e+00
   2.0000000e+00  -2.2934872e+00  -6.0859851e-01  -6.3209864e-01  -8.8413701e-01   5.3232431e-01  -8.7606041e-01
   2.0000000e+00   8.7154768e-01   1.5592754e+00  -4.1289645e-01   5.5043178e-01   9.8086157e-01  -8.8659749e-01
   1.0000000e+00  -9.7138429e-01   6.5501747e-02   3.0408871e-01   9.3300964e-01  -3.0619423e-01  -4.7306193e-01
   2.0000000e+00  -1.5044768e+00   8.0201527e-01   3.3550538e-01  -4.0335625e-01   1.1079447e+00  -1.4163098e+00
   2.0000000e+00   1.8347643e+00   3.4434080e-01   1.2326254e+00   1.5930479e-01   8.0702612e-01   1.4516280e-01
   1.0000000e+00  -6.1214254e-01   7.8409522e-01   1.5335491e+00  -1.6302572e+00   3.5758201e-02  -2.2813070e+00
   2.0000000e+00   9.0390699e-01  -3.9417551e-01  -7.6734315e-02   5.5477325e-01   4.0198921e-01   1.6010782e+00
   2.0000000e+00   7.3169539e-01   1.2123124e+00   1.6173316e+00   3.4076997e-01  -5.1431678e-01   5.3033391e-01
   2.0000000e+00  -8.6967500e-01  -7.4737844e-02   4.3596081e-01  -7.6904596e-01   2.6802426e+00   1.7103890e+00
   2.0000000e+00  -5.8998333e-01  -1.2439478e+00  -5.4223773e-01   2.5979343e-01  -2.9534554e-01  -1.5053321e+00
   2.0000000e+00   3.1570537e-01   1.3331109e+00   1.0835054e-01  -1.7317818e-01  -5.2442480e-01   5.8691201e-01
   2.0000000e+00  -6.2035659e-01  -2.7539650e-01   7.0990563e-01  -2.0147814e-01  -2.1621804e-01   8.3378037e-01
   2.0000000e+00  -4.5524786e-01  -1.7726112e+00  -6.2987239e-01   1.3059594e+00   5.0285144e-01  -2.6250348e+00
   2.0000000e+00  -4.0107991e-02   1.7028218e+00   4.8208702e-02  -1.4367814e+00  -8.1567277e-01   4.7332781e-01
   1.0000000e+00   7.8557325e-01   4.9554062e-01   1.2051647e+00   1.3688489e+00  -6.5543707e-01   1.1769799e-01
   2.0000000e+00   7.1728823e-01  -2.6749087e+00   2.9766214e-01  -2.1230405e+00  -9.3052940e-01   5.0268566e-01
   2.0000000e+00   7.2445077e-01  -1.0729014e-01   9.9393662e-01   6.9344592e-01  -3.9619354e-01  -5.9785994e-01
   2.0000000e+00   8.4696762e-01   9.3720973e-01   1.4404764e+00   9.2527975e-01  -2.9768090e-01  -1.0014644e+00
   2.0000000e+00  -7.6298872e-01  -5.0987997e-01   6.3379884e-01  -1.3549537e+00   4.2748836e-01   9.4629825e-01
   2.0000000e+00  -4.3560795e-01   1.2048752e+00  -3.1915184e-01   8.4175345e-01   6.5352527e-01  -1.0655320e-01
   2.0000000e+00   1.0476559e+00  -3.5826725e-01   1.7380959e+00   1.4046973e+00   4.4795061e-01   1.1582466e+00
   2.0000000e+00  -1.3205092e+00   8.4023706e-01   4.9705683e-01   1.0729818e+00   6.9648989e-02   7.6966887e-01
   2.0000000e+00  -1.8164249e+00  -2.0317468e+00   1.0668422e+00   2.4700126e-01  -9.4736151e-01  -5.8476943e-01
   2.0000000e+00  -1.5687251e-01  -7.9239658e-02   1.2130903e+00  -1.2615672e+00  -6.7854996e-01  -1.0594090e+00
   1.0000000e+00   5.0585360e-01   8.1347804e-01  -1.1035902e+00   8.6908856e-01   7.7494990e-01   7.7948491e-01
   2.0000000e+00  -1.0169606e+00   4.0989781e-01   5.0440973e-01   1.4984916e+00  -5.9894953e-01  -6.4010121e-01
   2.0000000e+00  -8.7232103e-01  -6.3218674e-01   1.3232519e+00   1.0686158e+00  -7.4181895e-01   1.1821881e+00
   2.0000000e+00   3.9983041e-02  -9.8106950e-01  -1.7003212e-02   9.8207424e-01  -3.9393361e-01   3.1388675e-01
   2.0000000e+00   7.4820919e-01  -8.7874063e-01  -3.7224954e-02   1.2183367e+00  -6.6474460e-01  -5.8813076e-01
   2.0000000e+00  -1.1424042e+00  -1.7234231e-01  -2.3522031e+00  -3.2974632e-01  -2.9141069e-01   1.3725552e+00
   1.0000000e+00   8.2861800e-02   4.3665343e-01  -2.8825121e-01  -7.0256277e-01   2.3586683e+00  -3.7232057e-01
   2.0000000e+00   1.4196833e+00   8.5084338e-01  -9.5293371e-01  -7.0933116e-01   4.2255845e-01   1.2467370e+00
   1.0000000e+00   2.6602308e-01   6.8910297e-01   6.1035789e-01  -6.7545501e-01  -6.5481111e-01   5.8486550e-01
   2.0000000e+00  -2.2678918e+00  -8.9914278e-01   1.5018366e+00  -4.8686990e-01   7.9040270e-01   1.4596007e-01
   2.0000000e+00  -1.7887827e+00  -1.8423755e+00  -6.7278746e-01  -1.0782366e-01   8.1251786e-02  -4.8313302e-01
   2.0000000e+00   3.7080677e-01  -9.7561310e-01  -3.2881454e-01  -1.5076805e+00   1.5152075e-01  -1.1912441e+00
   2.0000000e+00   7.0690985e-02   1.5310180e+00  -3.9279145e-02   1.7049871e+00   1.6381488e+00   8.5646193e-01
   2.0000000e+00  -5.1745158e-01  -7.6127524e-01   1.0383402e+00  -1.7505806e+00   1.9762169e-01  -3.3219838e-01
   2.0000000e+00  -1.3155190e+00  -3.6558885e-01  -3.0303925e-01   8.7994581e-01   6.5225114e-02   2.0012288e+00
   2.0000000e+00  -2.8836431e-01   1.1033714e+00   4.6050893e-01  -2.3480355e+00   1.2526287e+00   1.4217536e+00
   2.0000000e+00  -2.0507269e-01  -2.6029882e+00   1.4416165e+00   7.2372558e-01   1.0698346e+00  -4.7169910e-01
   2.0000000e+00  -1.7508630e-01  -8.2478348e-01   2.1078735e+00  -1.3604584e+00   1.1896004e+00  -7.2650372e-01
   1.0000000e+00   3.2078592e-02   3.1337952e-01   4.8959629e-01   7.9464260e-01  -7.6811091e-01   7.2822367e-01
   2.0000000e+00  -1.5582413e+00  -4.7733651e-02  -8.2761003e-01  -7.1067118e-01   2.4170401e-01  -1.2235718e+00
   2.0000000e+00  -2.6804688e+00  -3.7606825e-01  -2.4493883e+00   1.0842947e+00  -9.0377507e-01   2.4501626e-01
   2.0000000e+00   1.1539068e+00   8.9586547e-02   5.5689095e-01   1.5798732e-01  -4.4500913e-01   1.0568522e-01
   2.0000000e+00   9.9929727e-01   2.4426195e-01   3.3299758e-01  -1.8503651e+00  -7.0642200e-01   1.1786854e+00
   2.0000000e+00   3.4110527e-01  -1.7811625e+00  -9.8794820e-02   9.2536049e-01  -2.1651535e-01  -4.1934155e-01
   2.0000000e+00  -5.0626876e-01  -2.8025020e-01   6.4753291e-01  -3.4761557e-01  -7.7838063e-01  -1.1672275e+00
   2.0000000e+00  -3.0097899e+00   3.5155535e-01  -5.9009094e-02   1.3429548e+00   1.1268651e+00  -1.8103064e-01
   2.0000000e+00   2.8180947e-01   1.3807935e+00   4.0370039e-01   2.4043571e-01   6.7804070e-01   5.5539098e-01
   2.0000000e+00   7.4460593e-01  -7.0227486e-01  -1.0353708e+00   3.5194202e-01   1.2947285e+00  -1.1209622e+00
   2.0000000e+00   1.8623079e+00   1.3850340e+00   2.2891983e-01   5.6665879e-01  -2.8123591e-01   1.8438329e+00
   1.0000000e+00   3.4580916e-01   7.4981816e-01  -6.2469637e-01  -7.7291982e-01   1.4310697e-01   1.0134731e+00
   2.0000000e+00   1.6955978e+00   1.2055867e+00   2.3780375e-01  -4.6141568e-01  -3.2657870e-01   1.2270813e+00
   2.0000000e+00  -7.8394041e-01   2.0508765e+00   1.5493567e-01   2.9554485e-01   1.1629645e+00   1.2184400e+00
   2.0000000e+00  -1.0284788e+00   1.3419548e+00   7.7285065e-01   7.4514328e-01   2.1148705e-02   8.1154684e-01
   2.0000000e+00   4.2682530e-02  -8.1040752e-01  -3.3347792e-01  -5.8305246e-02  -8.0205754e-01  -1.4907632e-01
   2.0000000e+00   1.3899438e+00   4.9530742e-01  -3.7125877e-02  -2.4360777e-01   4.7547054e-01   4.3681678e-01
   1.0000000e+00  -5.2224545e-01   8.5594350e-02  -5.5218920e-01   7.0692856e-01   4.3409558e-01   9.5144352e-01
   2.0000000e+00   1.0492611e+00   1.8829633e-01  -1.0958910e+00  -1.7171707e-01  -3.5746012e-01   2.8745635e-01
   2.0000000e+00  -6.0927751e-01  -1.6016245e+00  -4.5266150e-01  -2.1168299e+00  -1.5049208e-01  -1.7178380e+00
   2.0000000e+00  -1.0715133e+00  -9.2977629e-01   6.3019161e-01  -5.8875192e-01   7.5798875e-01  -3.0727179e-01
   2.0000000e+00   7.0350857e-01  -1.4150789e+00   4.5489833e-02   3.3709522e-01   5.8887775e-02  -6.0679719e-01
   2.0000000e+00  -6.6043139e-01  -7.6619260e-01  -1.2133886e-02  -9.9330210e-01  -2.4062274e+00   1.9980738e+00
   2.0000000e+00   1.6594775e-02  -1.0343452e+00   2.4891385e+00   7.1420648e-01   4.2837583e-01  -7.5664465e-01
   1.0000000e+00   2.5209390e-01   4.1251130e-01   9.2870400e-01  -4.8169528e-01  -4.0109133e-01  -1.2686138e+00
   1.0000000e+00   3.4223596e-01   4.3360867e-01  -1.0927201e+00   2.4106328e-01   6.0146056e-03   1.7231768e-01
   2.0000000e+00   1.7595915e+00   5.3845432e-01  -3.6798271e-01  -1.0997723e+00   3.4654775e-01   1.3786594e+00
   2.0000000e+00  -1.4070920e-02  -3.8749654e-01   2.6307451e+00  -3.6703065e-01  -8.8554357e-01   5.3838131e-01
   2.0000000e+00  -2.3151147e+00  -3.2863412e-01  -1.3177512e+00  -6.8900489e-01   1.1195586e+00  -4.5584961e-02
   2.0000000e+00  -1.2096622e+00   8.9453109e-01   6.3489018e-02   4.2016406e-01   6.7434987e-01  -3.8010020e-01
   2.0000000e+00  -1.5036143e+00   1.2498306e-01   8.4931407e-01  -4.8612929e-01   1.7283012e+00  -1.8538627e-01
   1.0000000e+00   1.3227857e-01   7.7235551e-01   1.7320164e+00   2.4833995e-01  -8.5861890e-01   2.6746734e-01
   1.0000000e+00  -2.0857390e-01   5.5592007e-01   2.7318936e-01  -4.0329438e-01   6.8577450e-01  -4.1069834e-01
   2.0000000e+00   7.2338006e-01   1.0779471e+00  -2.2259275e-02  -8.0551571e-01   4.2179176e-01   4.2683958e-01
   2.0000000e+00  -6.4617443e-01   7.6755735e-01  -6.0584518e-01   2.0587081e+00   1.4341878e+00  -2.6081549e-01
   2.0000000e+00   1.5940158e+00  -9.5669090e-01   2.0939169e-01  -1.9159284e+00   7.4939123e-01  -1.7348009e+00
   1.0000000e+00   8.1921091e-01   4.9926360e-01  -6.6141378e-01   1.8012887e-01   6.0863295e-01  -3.5818945e-01
   2.0000000e+00  -2.0587366e+00  -1.8162008e-01  -8.6674727e-02  -7.2137049e-01   1.7813939e+00   2.4863551e-01
   2.0000000e+00  -1.0382975e-01  -9.6543289e-01   1.0040335e+00  -8.9990874e-01  -7.3908212e-01   1.1536446e+00
   2.0000000e+00   5.4124750e-01   2.6964432e+00   1.5355633e+00  -5.0937182e-02   8.3615604e-02  -1.1656053e-01
   2.0000000e+00   5.2832324e-01  -1.6541743e+00   2.5381105e+00  -7.9818709e-01   1.4215775e+00   8.9004341e-01
   2.0000000e+00   1.9223675e+00   7.2465536e-01   1.1468065e+00  -1.2260412e+00   5.1036735e-01  -7.9341483e-02
   2.0000000e+00  -7.0855692e-01  -4.5605276e-01  -9.0603001e-01   1.1147304e+00  -3.5216907e-01   5.4334541e-01
   2.0000000e+00  -5.7638419e-01  -9.4411708e-01  -2.9028224e-01   2.5682683e-01   1.0164126e-01  -3.9194800e-01
   2.0000000e+00   1.6556804e+00  -3.3816590e-01  -1.0935769e+00  -8.5862982e-01  -4.8165493e-01   6.8290649e-02
   2.0000000e+00   2.7074248e-01   2.1936839e+00   8.8366295e-01  -4.3256033e-01  -8.4981156e-01  -3.9161843e-01
   2.0000000e+00   3.5737549e-01  -1.3599753e+00  -6.5715401e-01   1.3686924e+00  -2.6843816e-01  -1.2087850e+00
   2.0000000e+00   5.8858095e-01  -2.0855363e+00  -4.3225098e-01   1.1304472e+00   2.8776384e-01   2.1852904e-01
   2.0000000e+00   9.1623718e-01  -1.1862459e+00   1.2121601e+00  -8.7765678e-01   5.3111242e-01   1.5624211e+00
   2.0000000e+00   1.2659568e+00   1.7749978e+00   1.7867402e+00  -1.8521779e+00  -1.0460702e+00   2.1681408e+00
   2.0000000e+00   2.0336668e+00  -1.1345981e+00  -1.5520794e+00   1.8017632e+00  -1.2752709e+00  -1.2482367e+00
   2.0000000e+00  -6.5537654e-01   1.7146549e+00  -5.0800705e-01  -9.3307910e-01   1.6723666e+00   3.9555216e-01
   2.0000000e+00   3.1010626e-01  -1.8441209e+00  -5.6519250e-01  -2.3109004e-01   2.6523897e-01  -2.4056464e+00
   2.0000000e+00  -4.7228671e-01  -7.0802101e-01   1.4924252e+00  -3.4910235e-03  -1.3487990e-02  -3.9210903e-02
   1.0000000e+00  -6.2698207e-01   2.2390493e-02   1.7082698e+00   1.0274227e+00  -5.6844745e-01  -8.4341177e-01
   1.0000000e+00   6.1557310e-01   5.4308772e-01  -8.1591072e-02   1.3427157e+00  -1.3792886e+00  -1.4723733e-01
   2.0000000e+00  -2.0689270e-01   1.5544829e+00  -5.2363678e-01  -3.6609232e-01   2.5490292e-01   1.3895669e-01
   2.0000000e+00   9.6625373e-01   2.0616681e+00   5.6142615e-01  -7.2187588e-01  -1.5965015e+00  -1.1607622e+00
   2.0000000e+00  -1.7592447e+00   5.1198129e-01  -1.3079756e+00  -1.6298190e-01   8.6410104e-01  -1.4333507e+00
   2.0000000e+00  -1.5519676e+00   3.2882490e-02  -1.3475201e-01  -4.8145079e-01   9.4734414e-01  -2.1637640e+00
   2.0000000e+00  -1.9622086e-01   1.1801928e+00  -2.9161930e-01  -4.9257472e-01   5.6517850e-01   7.7959856e-01
   2.0000000e+00   2.5600679e+00   6.5896030e-02   7.7405723e-01  -1.7984466e-01   1.0536026e+00  -4.1921749e-01
   2.0000000e+00  -9.4689135e-01  -3.0665930e-01  -4.8632218e-02   1.1462427e+00  -2.2281470e+00  -4.0805095e-01
   2.0000000e+00   1.3084606e+00   1.3975641e-01  -2.5047934e-01   9.9295792e-01  -1.3987778e-01  -1.1519788e-03
   2.0000000e+00   1.1889049e+00  -6.4912702e-01   3.2398879e-01  -9.1979238e-01  -2.0556775e+00   2.0952595e-01
   2.0000000e+00   4.6687259e-01  -8.0786922e-01  -1.8333945e-01  -3.9076905e-01  -3.9335118e-02  -1.1455528e+00
   2.0000000e+00  -3.4820828e-01   1.6440474e-01   9.4497185e-01  -2.0581508e+00   4.9279049e-01   1.4881168e+00
   2.0000000e+00  -4.9222020e-01  -6.0949286e-01   8.7922137e-01   1.0645647e-01   6.3729507e-01   4.3710300e-01
   2.0000000e+00   1.1621691e+00  -7.7464234e-01   1.6076392e-01   5.0113400e-01  -3.9664966e-01   9.9396766e-01
   2.0000000e+00   1.3385599e+00   1.8329270e+00   1.3377889e+00  -1.7122257e+00  -7.7246986e-01  -1.0625020e+00
   1.0000000e+00   4.6583203e-01   3.3870183e-02  -1.9165182e-01   9.6421614e-01  -1.6649085e+00   2.2145336e-01
   2.0000000e+00  -1.7395228e+00   2.2759018e+00  -1.1762479e+00   5.3562639e-01   1.5623155e+00  -3.9275262e-01
   1.0000000e+00  -3.7634708e-01   3.8529255e-01  -7.3866690e-01  -8.7600329e-01  -1.0564223e+00  -4.7442159e-01
   2.0000000e+00   9.3204968e-01  -5.8983205e-01  -7.2726939e-01   9.5816756e-02  -1.1415941e+00  -2.1570459e-01
   1.0000000e+00  -8.7118901e-01   3.0517025e-01  -2.9699356e+00   8.7797338e-01   5.4553544e-01  -4.8523291e-02
   1.0000000e+00  -1.3928319e-01   2.3891050e-01  -6.5442502e-01  -1.7532172e+00   8.1627198e-01   1.7986344e-02
   1.0000000e+00  -3.5977969e-01   5.3310721e-01   1.0692246e+00  -1.2001660e+00  -2.4906852e+00  -3.1271216e-02
   2.0000000e+00  -7.2027668e-01  -4.5330699e-01   7.1500783e-01  -2.7800818e+00  -4.0636112e-01  -1.8040195e+00
   2.0000000e+00   3.3440369e-01  -1.3530267e-01   1.1412918e+00  -9.7750658e-01  -1.7029908e+00   3.2506078e-01
   2.0000000e+00   2.5575561e+00   4.9095855e-01   2.1179056e+00   1.2465956e+00  -1.9912852e+00  -7.9587800e-01
   2.0000000e+00   1.6616059e+00  -4.1315269e-01   8.4060725e-01  -6.3326091e-01   1.1604442e+00  -8.8641989e-01
   2.0000000e+00   1.4832273e+00  -9.6606773e-01   4.5739343e-01  -1.8855312e-01   8.7400188e-02  -1.3525385e+00
   1.0000000e+00   2.0115610e-01   8.7311107e-01  -6.3611822e-01  -1.5675886e+00  -2.0432339e+00   3.5645085e-01
   2.0000000e+00   7.3552976e-01   1.0810468e+00   1.3454844e+00   1.5484893e+00   1.2635943e-01   1.2386680e-01
   1.0000000e+00  -3.7015775e-01   4.3708298e-02  -4.7637282e-01   9.5027583e-01   1.0515818e+00   4.0798537e-01
   1.0000000e+00   9.8661085e-02   3.6766182e-01   2.0094613e+00   1.4142000e+00  -5.8897688e-01   4.0529870e-01
   2.0000000e+00  -3.2900004e-01  -7.8949211e-01  -3.1537930e-02   8.0824652e-01  -1.1819719e+00  -1.6075919e-01
   2.0000000e+00  -5.7633587e-01  -1.2049675e-01   2.2684192e+00  -9.9310652e-02  -1.4931386e-01   3.6173152e-01
   2.0000000e+00   1.1182536e+00   1.3314024e-01   4.4654162e-01   2.9650222e-01  -1.8376289e+00   7.4192263e-01
   2.0000000e+00   6.1660052e-01  -3.8077590e-01   1.2807813e+00  -6.4658677e-02  -7.0223008e-01  -8.1828194e-01
   2.0000000e+00  -1.7925896e+00  -5.2738907e-01   2.6320822e-01   2.9386686e-02  -2.7602656e-01  -1.1579138e-01
   2.0000000e+00  -6.1282485e-01  -1.1413189e+00  -5.0097888e-01  -1.5262148e+00  -1.1547450e-01   1.8294943e+00
   2.0000000e+00  -1.9072738e+00   1.8027973e-01  -5.2362010e-02  -1.3851274e+00  -7.4010005e-01  -4.1778588e-01
   2.0000000e+00  -1.2007018e+00  -7.4432925e-01  -1.0946033e+00  -1.2888861e-01   8.8716037e-01   5.4259784e-01
   2.0000000e+00   3.6207422e-01   1.0763336e+00  -6.7278928e-02  -4.7219398e-01  -3.9444337e-01   8.2396042e-01
   2.0000000e+00   7.9521947e-01  -4.4903518e-01   1.3560999e+00  -7.1445050e-02  -2.8828800e-02  -9.5563457e-01
   2.0000000e+00   1.2067377e+00  -3.3987986e-01  -1.2504579e+00   7.8767921e-01  -5.6268261e-01  -2.2641833e-01
   2.0000000e+00  -2.5664540e-01  -3.2659453e-01   4.9706744e-01  -1.6751005e-01   1.0334996e+00  -1.5684593e-01
   2.0000000e+00  -5.4682235e-01   2.5117029e-01  -7.6887107e-01  -2.1209941e+00  -2.4242800e+00  -9.0968524e-01
   1.0000000e+00   3.7964593e-01   4.8186307e-01   4.6080278e-01   2.9617555e-01  -8.7436480e-01  -1.0127478e-01
   2.0000000e+00   1.6706379e+00   9.7169091e-01   2.1840773e-01  -4.1794417e-01  -9.0113655e-01  -4.0887551e-01
   2.0000000e+00   2.2071007e-03  -4.6892847e-01   9.4725284e-01  -7.0822255e-01  -9.1631395e-01   5.1635178e-01
   1.0000000e+00  -1.3134782e-01   3.3462631e-01   2.9802333e-01  -4.6813802e-01  -6.1271495e-01   8.1818645e-01
   2.0000000e+00   1.2844582e+00  -2.7590948e-01   2.0127256e+00   4.4153307e-01   1.5524288e+00   1.5545265e-01
   2.0000000e+00  -2.1765036e-01   1.9495316e+00  -4.8517943e-01   1.2269223e+00   1.2577479e+00  -6.2714432e-01
   1.0000000e+00   7.9885287e-01   4.2653553e-01   1.4137198e-01   1.3510057e+00  -1.1207546e+00   4.9266632e-01
   1.0000000e+00  -1.8992695e-01   6.3799160e-02   7.3522119e-01   5.4787885e-01   4.9222497e-02  -8.8626325e-02
   2.0000000e+00  -1.7182407e-01  -8.4865883e-01   1.0615879e+00   8.8670983e-01   7.5390327e-01  -9.8810350e-01
   1.0000000e+00  -5.1402860e-01   1.4512401e-01  -1.3701599e+00   1.7023299e+00  -1.4609559e+00  -1.9466544e-01
   2.0000000e+00   1.1087680e-01   1.0258708e+00  -2.0791847e+00   7.8750889e-01   5.5356118e-01  -1.1198939e-01
   2.0000000e+00  -4.9864896e-01   1.0285417e+00  -1.2646561e+00   1.3549383e+00   1.4426068e+00  -1.4293077e-01
   2.0000000e+00   4.6769017e-01   1.0931523e+00  -6.7760221e-01  -4.4637646e-01   5.7849076e-01   8.0945620e-01
   2.0000000e+00  -9.0838780e-01  -1.4801922e+00  -1.7151795e+00   1.5072641e-02  -6.8090349e-01   1.4917839e+00
   2.0000000e+00   1.1407894e-01  -4.5555927e-01   1.2115186e+00   3.2279793e-01  -1.4571142e-01  -6.1397448e-01
   2.0000000e+00   1.3427556e+00   6.1139027e-01  -1.7078001e+00  -3.4397531e-02  -2.7999165e-01  -5.2602856e-02
   2.0000000e+00  -1.1039961e+00   2.1600271e-02   2.3202979e-01  -8.2400054e-01   5.1131944e-01  -1.0576428e+00
   2.0000000e+00  -7.1059904e-01  -9.3413161e-01   2.0202044e-01   4.7521838e-03   1.8657787e+00   4.2726381e-01
   2.0000000e+00  -5.7795894e-01   9.2509635e-01   2.5356273e-01   2.7403940e+00   7.7139852e-02   1.1696101e+00
   2.0000000e+00   8.6470306e-01   2.2306867e+00   5.9630483e-01   1.4372342e+00  -9.8206919e-01  -3.4844439e-01
   1.0000000e+00  -2.5169957e-01   1.8642587e-01  -1.6263237e+00  -6.0499244e-01  -5.6091508e-01   1.9543973e-01
   2.0000000e+00  -4.7441344e-01  -8.8329833e-01   4.8931774e-01  -1.4587570e+00   2.1242099e-01   2.5746339e+00
   1.0000000e+00  -4.0058557e-01   5.1013017e-01  -6.9658382e-01  -1.2746713e+00  -3.7874671e-02  -2.2297957e+00
   2.0000000e+00   6.9735665e-01  -2.0772035e+00   8.5547670e-01   3.3846974e-01   8.5378693e-01  -1.3638515e+00
   2.0000000e+00  -5.0893234e-01   1.7166444e+00  -1.7490998e+00  -1.5550651e+00   1.2464240e+00  -7.7230985e-02
   2.0000000e+00   2.1548926e+00  -6.3559864e-01   6.9562277e-01   1.8982719e+00   6.0227837e-01   2.9785337e+00
   2.0000000e+00   1.1208817e+00   2.7631508e-01  -6.7321323e-01   2.5766334e-01  -1.1656387e+00   1.2623074e+00
   2.0000000e+00  -8.0978939e-01  -1.2442085e+00  -1.5027820e+00  -1.2050468e+00  -1.2182786e+00  -7.7892454e-01
   2.0000000e+00  -7.9328507e-01  -3.4702430e-01   2.6073315e-01   3.7120516e-01   4.1427203e-01  -5.2133721e-01
   2.0000000e+00   5.1764244e-01   1.1253342e+00   3.6434098e-01   1.8217169e+00  -3.5749201e-01   4.4442484e-01
   2.0000000e+00   1.7452164e+00   1.3960998e+00  -4.0918659e-01  -5.0213297e-01  -5.6417240e-01  -5.5921536e-01
   2.0000000e+00  -5.6287202e-01  -9.8788274e-01   5.9547437e-01  -3.5936722e-02  -1.3480027e+00   4.0182220e-01
   2.0000000e+00  -8.5404778e-01   9.1306411e-01   1.5170824e+00   7.5378678e-01   1.3084656e+00   8.2334780e-01
   2.0000000e+00   3.7962917e-01   1.6931346e+00  -1.3976422e+00   1.1679062e+00  -1.4723118e+00   1.3157703e+00
   2.0000000e+00  -3.0305411e+00   2.3406062e-02  -2.4964173e-01  -6.6559136e-01  -1.2810573e+00   9.9693620e-02
   2.0000000e+00   1.2283682e+00  -1.1609435e+00  -2.4955696e-01  -7.5987975e-02  -8.4588704e-01   1.7383817e-01
   1.0000000e+00  -1.6983203e-01   1.9237523e-01  -4.4541104e-01   1.7211418e-01   1.0679652e+00  -2.7626962e+00
   2.0000000e+00   2.1709930e+00  -7.0032956e-01   1.2189686e+00   2.2914712e+00  -1.6169740e-01   1.4268879e+00
   2.0000000e+00   1.9766357e+00   1.2140375e+00  -3.0744090e-01   1.5706866e+00   4.6683442e-01  -2.2442966e-01
   2.0000000e+00   1.0454880e+00   3.1659822e-01  -1.9949118e-01  -4.5725955e-01  -2.3897820e+00   4.0224485e-01
   2.0000000e+00  -7.8542726e-01   6.9410204e-01   3.4121691e-01   9.0930435e-01   2.1328185e+00   5.5767525e-01
   2.0000000e+00  -9.2316923e-01  -3.8748229e-01   1.3799200e+00  -2.7829628e+00   6.7018007e-01  -8.6949952e-01
   2.0000000e+00   8.3780178e-01  -1.3537295e+00   2.2549970e+00  -1.6323573e+00  -4.0128183e-01   1.1184094e+00
   2.0000000e+00   9.0888201e-01  -6.7494892e-01   2.5458126e-01  -2.7793256e-01   5.7510773e-01  -9.3041177e-02
   2.0000000e+00  -1.1810133e+00  -9.4049752e-02  -2.8432994e-01  -1.5587739e+00  -1.9564312e-01  -7.2888185e-01
   2.0000000e+00  -9.3076502e-01   1.1972602e+00  -8.0576364e-01  -4.2506692e-01   2.1559773e+00  -8.9128282e-02
   2.0000000e+00  -7.8561303e-01  -2.0124005e-01   2.0241202e+00   1.4899236e+00   1.2500565e+00  -2.0468149e-02
   2.0000000e+00  -1.5251342e+00  -1.5243600e-01  -2.1141177e+00   1.0287378e+00  -4.8541849e-02  -2.4392513e-02
   2.0000000e+00   6.5453607e-01  -1.8216070e-01   2.6997713e-01  -3.9209977e-01   1.0862417e+00   1.1913014e+00
   2.0000000e+00  -1.9681067e-01  -4.4438361e-01   3.2019099e-01   1.4141683e+00  -6.2385132e-01   1.5682223e+00
   2.0000000e+00   1.2759693e+00  -1.6040365e+00  -9.7692022e-01   8.2734342e-01  -2.1219951e-01  -2.2719293e-01
   2.0000000e+00   1.6946646e+00  -5.3593464e-01  -2.0467793e-01   2.0143132e-01   9.8438996e-01   5.5223810e-01
   2.0000000e+00  -4.6450672e-01  -6.3554034e-01   1.0385290e+00   1.9873962e-01  -4.1710917e-01  -4.3005709e-01
   2.0000000e+00   1.7788866e+00  -1.1554769e+00   8.8782592e-01   1.2972196e+00  -3.3546292e-01  -1.2560061e+00
   2.0000000e+00  -1.4480308e+00   4.9279211e-01  -1.7739227e+00  -1.8813108e+00  -1.0059433e+00  -3.8014805e-01
   2.0000000e+00  -2.0399531e-01  -1.5930544e+00   3.8901492e-01  -1.5163128e+00  -1.7732420e+00  -5.3859664e-01
   1.0000000e+00   4.2035783e-01   2.9198044e-01   8.3834416e-01   8.0723576e-01  -1.5721987e+00   3.9756565e-01
   2.0000000e+00  -1.4497565e+00  -6.0243137e-02   9.2649541e-01  -4.6563920e-01  -3.8569504e-02   4.7464934e-02
   1.0000000e+00   7.1346115e-01   5.3458107e-01   7.7025509e-01  -8.7629627e-01  -1.2362890e-01  -9.9366394e-01
   2.0000000e+00   1.8708378e+00  -7.5710543e-02  -1.9271327e+00  -1.1116779e+00  -2.0471483e+00  -8.5282579e-01
   2.0000000e+00  -4.0323157e-01   1.0881758e+00  -4.7235183e-01   1.0085727e+00  -1.5494851e+00  -1.8708408e+00
   2.0000000e+00  -1.4224256e+00   3.5321422e-01   3.5593052e-01  -3.5163336e-04  -2.3272249e-01   5.0560372e-01
   1.0000000e+00  -3.3817545e-01   5.7035707e-01   7.2928265e-01   1.9918786e-01   2.4856806e+00  -1.3516328e-01
   2.0000000e+00   1.0247676e+00   7.1805968e-01  -1.1674237e+00  -2.5220971e+00   4.3196496e-01  -1.1436107e+00
   2.0000000e+00  -4.1031720e-01  -1.3909610e+00  -1.8643510e-01  -1.5282504e+00   1.1959432e+00   6.7753596e-01
   2.0000000e+00   1.8303871e+00   3.2153030e-01  -3.7341207e-01   4.1220604e-01  -1.7181294e+00   6.5879000e-01
   2.0000000e+00  -1.6096389e-01  -4.2990303e-01   1.5362710e+00   4.6423788e-01  -9.1940755e-01  -1.3563360e+00
   2.0000000e+00  -3.6689479e-01  -1.5392367e+00   5.8967125e-01  -1.4783910e+00   1.4511082e+00   1.6221908e+00
   2.0000000e+00  -2.9952099e-01  -6.8795081e-01   1.4934325e-01  -8.1849888e-02   2.1464187e-01   4.3351303e-01
   2.0000000e+00   2.1756091e+00   3.7928069e-01   6.6810963e-01   1.0054210e-01  -3.8432619e-01   1.7956580e+00
   2.0000000e+00  -1.5109257e+00  -2.0424055e-02   3.6063922e-01   3.0450258e-01  -1.7992291e+00   8.8197785e-01
   1.0000000e+00  -6.5664042e-01   3.8750044e-01   7.7642309e-02  -1.6359390e-01   1.2786415e+00  -6.2351204e-01
   2.0000000e+00  -8.4788784e-02  -1.1854899e-01  -9.5227285e-01  -6.1576025e-01  -4.7854591e-01  -1.0713221e-01
   2.0000000e+00  -1.1334314e+00   1.9655595e-01   2.3082736e+00   3.9652666e-01   1.2357281e+00  -2.3457166e+00
   2.0000000e+00  -1.8466742e+00  -8.1458358e-01  -4.6497324e-01  -6.4983230e-01  -2.1746531e+00   2.4795281e-01
   2.0000000e+00   2.8840283e+00   7.8665219e-01   8.7029411e-01   1.2842884e+00   1.2994283e+00  -4.4335482e-01
   2.0000000e+00   1.5671578e+00   2.0253430e+00  -2.3497279e-01   3.4700294e-01   8.8254304e-01   5.0350644e-02
   1.0000000e+00   1.4400498e-01   1.6016052e-01   9.8109734e-02  -1.9122539e+00  -5.1016798e-01  -1.1027445e+00
   2.0000000e+00  -1.1175020e+00   1.7780237e+00   3.5173574e-01  -4.0043272e-01  -8.2203167e-01   3.3961889e+00
   2.0000000e+00   1.3940378e+00  -2.5786114e+00   8.0577303e-02  -3.7433758e-01   1.1862806e+00  -9.6549784e-01
   2.0000000e+00   2.7754974e-01   1.1081549e+00  -2.8564518e-01  -5.9430731e-01  -3.6636506e-02  -3.2459570e-01
   2.0000000e+00   1.4784841e+00  -7.7083781e-01  -1.4330170e+00  -1.9560600e+00  -6.2171770e-01  -4.6135649e-01
   2.0000000e+00   1.1344053e+00   1.4739232e+00   6.1594179e-01   3.1517743e-01   3.5311880e-01  -3.0145881e-01
   2.0000000e+00   1.2449966e+00   7.7881647e-01  -2.9255902e-01  -7.5128929e-01  -4.0321608e-01   2.4758069e-01
   2.0000000e+00  -5.0117000e-01  -1.3383311e+00   7.5171918e-01  -9.3800839e-01   4.7694839e-01   2.5273969e-01
   2.0000000e+00   2.8926013e-01   1.3987339e+00   1.2239070e+00   5.9774803e-01   6.3308737e-02   8.6581718e-01
   2.0000000e+00   1.2665774e+00   1.4701009e+00  -8.6428865e-02   1.0002777e+00   2.1073946e+00   1.0014716e+00
   2.0000000e+00   8.7308968e-01  -1.6406012e+00  -6.2958967e-01   1.4052322e+00  -4.2989435e-01   1.5095347e+00
   2.0000000e+00   4.9946094e-01  -7.3608374e-01  -1.4691773e-01   1.1629460e+00   2.7112493e-01  -8.4676086e-01
   2.0000000e+00   6.4439127e-02  -4.7483821e-01  -9.8460418e-01   1.7091452e+00  -8.9122791e-02   1.8211252e+00
   2.0000000e+00  -1.1802981e+00  -1.3297242e+00  -9.9847981e-01  -4.4772676e-02   1.3833939e-01  -3.2788596e-01
   2.0000000e+00  -2.7014438e-01   1.3133919e-01   1.1035809e+00  -2.0747166e+00  -7.2037477e-01   1.8359668e+00
   1.0000000e+00  -1.0450090e-01   6.2260737e-02  -1.7340883e+00  -8.3793528e-01  -7.6918192e-01   4.6424988e-01
   2.0000000e+00   3.7258739e-01   1.9785701e+00   8.8433088e-02   2.9985742e-01  -6.5964852e-01   1.7285438e+00
   2.0000000e+00  -1.3498677e+00   5.1519045e-01  -1.0227344e-01  -3.8414250e-01   6.3172713e-01  -6.7647660e-01
   2.0000000e+00  -9.0114877e-01  -1.7437850e-01   1.3171215e+00   3.6148484e-01  -4.9448872e-01   1.9155660e+00
   1.0000000e+00  -6.1430970e-01   6.1680021e-01  -1.0935956e+00  -4.6178922e-01  -5.8729169e-01  -3.1773879e-01
   2.0000000e+00  -2.7129345e+00   1.9943831e+00  -1.3147131e+00  -9.1804586e-02  -1.1339770e-01  -4.8905770e-01
   2.0000000e+00   1.5578812e+00  -1.3438264e+00   1.0409268e+00  -4.8892964e-01  -4.2566182e-01  -8.2158280e-01
   2.0000000e+00   5.0273032e-02  -1.5455720e+00  -6.5167821e-01   3.0008118e-01   9.7654742e-01  -1.0471885e+00
   2.0000000e+00   1.1511854e+00  -1.2887523e+00   4.1259627e-01   1.9269886e+00   6.6298950e-01  -1.6938234e+00
   2.0000000e+00  -3.7350250e-01  -7.8120969e-01  -1.3516886e+00  -6.6763482e-01   2.0232331e-01  -1.2910239e+00
   2.0000000e+00  -4.3445307e-01   1.0018384e+00  -2.8964512e-02   8.9585401e-01   9.7759336e-01   8.1967380e-01
   2.0000000e+00   1.0490301e+00  -2.4707371e-01   1.3768635e+00  -7.5054968e-02   1.0967860e+00  -8.3736321e-01
   1.0000000e+00   3.2400915e-01   5.2397341e-01   1.1481392e+00  -9.9063401e-01   7.5027256e-02  -1.3816250e-02
   2.0000000e+00   5.6066842e-01   2.7425188e-01  -5.5075105e-01   2.1895359e+00   2.0717669e-01   3.1210263e-01
   2.0000000e+00  -5.1652072e-02  -2.5540496e-01  -2.8349865e-01  -1.9382833e-01  -2.1244468e+00   9.7167039e-01
   2.0000000e+00  -1.3334294e+00  -3.6778778e-01  -1.0472923e+00  -1.2237871e-01   8.4431035e-02   1.1558327e+00
   1.0000000e+00  -5.1546564e-01   3.2705218e-01   4.0050293e-01   5.1558316e-01   1.7192533e+00   2.4997465e-01
   2.0000000e+00   3.5155969e-01  -9.1669885e-01  -1.0576415e+00  -2.9409311e-01  -1.2998749e-01   2.2352289e+00
   2.0000000e+00  -9.2216081e-01   8.7009456e-01   8.0999057e-01   1.4095996e+00  -5.5335400e-01   3.7060314e-01
   1.0000000e+00  -9.2533175e-01   9.4917526e-02   1.4860086e+00   2.1266467e-01  -1.0587772e+00  -4.0943763e-01
   1.0000000e+00  -2.1907733e-02   5.2697057e-01   8.1687578e-01  -5.7727473e-01   4.7832978e-01   6.0523667e-01
   2.0000000e+00  -4.4092613e-01  -4.1295092e-01   6.9976678e-01  -1.8730951e-02  -9.1898903e-01  -2.6485552e-01
   2.0000000e+00   2.2974120e+00  -8.0329323e-01   5.4555387e-01   1.7353819e+00   5.6137753e-01   1.1333803e+00
   1.0000000e+00  -3.2658063e-03   1.9412815e-01   1.8047301e+00  -1.1224841e-01  -4.9758841e-01  -1.1231710e+00
   2.0000000e+00   1.8828721e+00   9.0647785e-01   6.8010967e-01  -6.6700210e-01  -5.4008763e-01  -8.8109581e-02
   1.0000000e+00  -2.4072191e-02   2.6546221e-02  -6.5181407e-01  -2.4504475e-01  -6.9864568e-01   2.7250261e-01
   2.0000000e+00  -6.6803336e-01  -1.1855042e+00   2.8862711e-01  -8.7911664e-01  -2.2411165e+00  -6.5897574e-03
   2.0000000e+00  -1.8144197e+00  -1.7854326e+00   9.6868123e-01   1.7523797e-02  -1.4266687e-01   7.3159335e-01
   2.0000000e+00   6.2804131e-01   1.0944653e+00  -1.2767250e+00  -2.0282156e+00  -5.1154317e-01   1.2577647e-01
   2.0000000e+00   1.5252194e+00   2.0654564e-01   1.7016681e+00   2.0120258e-01   2.0853816e-01   2.2253970e-01
   2.0000000e+00  -1.0114280e+00  -1.6049991e+00   7.7440621e-01   8.0877270e-02   9.4066714e-02   1.4171912e+00
   2.0000000e+00  -1.0838874e+00   1.6457467e-01   3.1158601e-01  -3.5176257e-01  -4.3677109e-01   2.4851780e-02
   2.0000000e+00   4.3241593e-01  -8.3937758e-01  -2.2170843e+00  -1.1562531e+00  -2.4550686e+00  -6.3466319e-01
   2.0000000e+00   1.6353218e+00   2.9167903e-01   2.2312534e+00   5.6022678e-01  -1.8403431e+00  -9.5616244e-01
   2.0000000e+00  -1.7991977e+00  -1.0504743e+00   4.1555746e-01   7.6468603e-01  -3.5939478e-01  -3.2767693e-01
   2.0000000e+00   1.3964536e+00  -4.8077302e-01  -3.2173930e-01   6.9218470e-01  -6.2509308e-01  -8.4311311e-01
   2.0000000e+00  -1.1069928e+00   5.1889238e-01  -1.5246719e+00   3.4414333e-01   6.3560441e-01   6.4093965e-01
   1.0000000e+00  -1.5972553e-01   8.4097213e-01   1.6421278e-01   8.5634285e-01  -2.0836120e-01   1.6599043e+00
   2.0000000e+00   2.7531286e-01  -7.1794202e-01  -5.3493380e-01   1.6039748e+00  -7.9228487e-01  -1.5533542e-01
   2.0000000e+00  -1.2535125e+00   1.0448341e+00   1.7426093e+00  -2.0791841e+00   6.7418892e-01  -1.1383303e+00
   2.0000000e+00   8.9722381e-01  -1.4667905e+00   8.6550052e-02   1.4613089e+00   7.7628793e-01  -1.0179842e+00
   2.0000000e+00  -1.3296986e+00   1.9873291e-01   2.6605213e-01  -1.6642405e+00  -9.3961905e-01   2.5886141e-01
   2.0000000e+00  -1.1775867e+00   2.5905251e+00   1.0578531e+00   1.6207579e-01   1.1703518e+00  -1.1392143e+00
   2.0000000e+00  -2.6287766e-01  -1.4999969e-01   1.2286981e+00   3.2082886e-01   1.1227037e+00  -7.2891743e-01
   2.0000000e+00   1.3689027e+00   8.7610661e-01   6.3082714e-02   1.4877481e+00   1.5535414e+00   7.1997388e-01
   2.0000000e+00   3.8974037e-01   1.7215891e+00  -8.3600131e-01  -5.2518741e-01   1.0973173e-01   1.3274781e+00
   2.0000000e+00  -1.3885243e+00  -1.0043413e+00  -2.0430871e-01  -4.6583470e-01   4.9128071e-01   6.9156395e-01
   2.0000000e+00  -3.4658238e-02   1.1324054e+00   2.0296795e+00  -9.3037589e-02   4.7575590e-01   1.5677154e+00
   1.0000000e+00  -7.4341168e-01   5.3863351e-01  -5.3410926e-01  -1.2662934e+00   8.2918343e-01   3.0403685e-02
   2.0000000e+00   1.1159378e+00  -1.3565363e-01   1.9854463e+00   1.1758350e+00   1.2761228e+00  -3.7218391e-01
   2.0000000e+00  -1.8414432e-01   1.4784576e+00   1.4602828e-01   2.0873778e+00   7.5694438e-01  -7.4577648e-01
   1.0000000e+00  -5.9037542e-01   4.7235803e-01   3.1464246e-01  -1.2268054e-01   2.1636201e+00  -6.8447599e-01
   2.0000000e+00  -8.6145459e-01  -4.8727233e-01  -1.6582125e+00  -8.9501491e-01   7.4607338e-01   8.7163166e-01
   2.0000000e+00  -1.4440654e+00   2.8985550e+00   6.1409125e-01  -3.3984878e-01   1.7259916e+00  -4.2683171e-01
   2.0000000e+00   1.2730680e+00  -8.9988984e-01   3.6970448e-01  -8.2274334e-01   4.3170503e-01  -9.0617104e-01
   2.0000000e+00   2.6728125e-01  -8.8125018e-01  -1.4822019e+00  -5.7993218e-01   1.6355573e+00  -5.4921550e-01
   2.0000000e+00  -1.2298537e+00  -2.6017233e+00  -2.0567037e+00  -7.1694380e-01   4.2920346e-01   3.4780060e-01
   2.0000000e+00  -1.1624236e-01  -9.7512277e-01   1.3229866e-01  -4.6675895e-01  -4.8019275e-01   1.4012680e+00
   2.0000000e+00   5.5525470e-01  -7.3265610e-01   5.8499021e-01   8.2708920e-01  -2.4314700e-02  -1.8479477e-01
   2.0000000e+00   1.5826807e+00   8.2964568e-01   1.1107890e-01  -4.2149648e-01  -1.5472484e+00  -1.3156366e+00
   2.0000000e+00  -1.2380846e+00   2.9740848e-01   1.5876811e-01   1.3750281e+00  -7.5319918e-02   6.0911899e-01
   2.0000000e+00   3.2519769e-01  -6.2862925e-02   4.2548814e-01   7.5563717e-02  -1.1233940e+00   8.8341579e-01
   2.0000000e+00   8.3269201e-01  -8.5751812e-02  -9.9823919e-02  -2.1248194e+00  -1.5886544e-01  -1.7093229e-02
   2.0000000e+00   1.0826508e+00  -4.5015251e-01  -9.5730633e-01   2.2268627e-01  -4.0540875e-01  -6.4640356e-01
   2.0000000e+00  -4.2495713e-01  -4.0583321e-01   5.2395464e-01  -9.8263170e-01   5.6322455e-01   1.4194793e+00
   2.0000000e+00  -2.3105281e-01  -5.3730867e-01  -7.0804519e-01   2.5197625e+00  -7.6881628e-01  -5.9707668e-01
   2.0000000e+00  -3.6052234e-01  -3.2225029e-02   1.1450033e-01  -3.6593231e-01   5.0061318e-01   1.3453370e+00
   2.0000000e+00  -1.1066498e+00  -3.0217994e-01  -1.7938339e+00  -1.0357487e-01  -4.2916865e-01  -1.4574495e-01
   2.0000000e+00   3.5174154e-01  -9.3561964e-01   2.8027304e-01  -5.5773259e-01  -5.3034049e-01   6.4058439e-01
   2.0000000e+00  -1.5687082e+00   1.3891707e+00  -1.1249072e-02  -8.2786785e-01   1.2019296e-01   1.9016508e+00
   2.0000000e+00  -1.2268678e+00   5.4168566e-01  -6.3599329e-01   3.1087867e-01   1.2340049e+00  -1.9362724e+00
   2.0000000e+00   1.2777485e+00   3.7394535e-01   6.0178825e-01  -1.1509002e-01   1.2590252e+00   2.4868653e-01
   1.0000000e+00   3.6707858e-02   4.2917597e-01   4.2565247e-01  -6.8828840e-01   1.0389989e-01   8.5073127e-02
   2.0000000e+00   3.9920053e-01  -5.5906658e-01   9.2199165e-01   4.3672541e-01   9.0353135e-01  -1.7471206e+00
   2.0000000e+00  -2.0465644e-01  -1.7171062e-01   7.3618805e-02  -3.8865070e-01   8.5365763e-01   1.1287471e+00
   2.0000000e+00   1.0239184e+00   3.9225068e-01   2.1942843e+00   1.0156800e+00   1.5999277e+00  -2.7055232e-01
   2.0000000e+00   8.6885369e-01  -1.1368615e+00  -1.6930469e+00  -1.2756457e+00   1.4003218e-01   5.2390132e-01
   2.0000000e+00   6.1502175e-01   2.8832171e+00   6.4057361e-01   1.6209681e-01   4.2521408e-01  -6.2844267e-01
   1.0000000e+00   7.1274336e-01   5.6018032e-01   2.3987410e-01  -4.5044412e-01   2.1870376e-01   1.4990971e+00
   1.0000000e+00  -1.9558808e-01   1.3151054e-01  -3.9262769e-01  -1.9563915e-01   3.3396844e-01   1.4306852e+00
   2.0000000e+00  -1.2005940e-01  -2.7444644e-01   2.3496457e-01  -8.4892267e-02  -3.6154941e-01   4.5847434e-02
   1.0000000e+00   1.6181822e-01   2.8581977e-01  -7.5785907e-02  -3.2566122e-01  -1.3308233e+00  -9.8296424e-01
   2.0000000e+00   1.3756539e+00   5.4754122e-01  -8.7937278e-01  -1.0356623e+00  -9.3318663e-01   3.6961923e-01
   2.0000000e+00  -1.0846905e+00   2.3082796e-02   1.4946522e+00   9.2080305e-02   5.9991514e-01  -2.1865546e-01
   2.0000000e+00  -3.1032257e-02   1.2233133e+00   2.9979774e+00   6.6443790e-01   1.2054046e+00   1.3718521e+00
   2.0000000e+00  -1.0947424e+00   5.3806704e-01   5.7034403e-01   6.0879112e-01  -7.4237662e-03   5.5288791e-01
   2.0000000e+00  -2.6622599e-01  -6.7189331e-01  -1.2739846e+00   1.0541180e+00  -3.6074551e-01   5.2251547e-01
   1.0000000e+00   8.9389716e-01   4.0846461e-01   1.6519642e+00  -6.4897081e-01   1.4576424e+00  -7.7299002e-01
   2.0000000e+00   2.2174660e+00   1.2755102e+00   8.8255485e-01   8.5563356e-02  -2.1489619e+00   3.2256888e-01
   2.0000000e+00  -6.3742389e-01  -7.8820826e-01   8.7840791e-01   3.1754313e-01  -4.0431167e-02   3.9606483e-01
   1.0000000e+00   2.9871959e-01   5.7654422e-01  -6.8441739e-01  -3.2658804e-01   7.2429986e-01  -1.6748142e+00
   2.0000000e+00   1.6996321e+00   3.9225307e-01  -1.0599226e+00   6.2100232e-01  -3.8549154e-01   7.6966096e-01
   2.0000000e+00  -1.8046820e+00  -2.9687504e+00   6.3269262e-01   1.9990898e-01  -9.9278440e-01   6.6201123e-01
   2.0000000e+00   1.6007761e+00  -6.9374012e-01   4.3353920e-01   4.3102230e-01   3.7919428e-01  -1.0929669e+00
   2.0000000e+00  -1.2564531e+00  -6.0973771e-01   1.9471660e+00   2.3635000e-01   4.9428863e-01   4.7382421e-01
   2.0000000e+00   3.0027451e-01  -1.5778838e-01   7.5143505e-01   4.2313630e-01   4.0554689e-01   8.5997001e-01
   1.0000000e+00  -2.0018709e-01   4.1796298e-01   2.9035805e-01   8.2211005e-01  -9.5048901e-01   1.8859544e+00
   2.0000000e+00   9.8184696e-01   2.6374341e-01  -1.9916001e-01   5.1344472e-01   4.6414209e-01   4.6000892e-01
   2.0000000e+00  -1.9150968e-01   1.3735420e+00  -1.2491038e-01   8.3133065e-02   2.0172860e-01  -2.3623310e-01
   2.0000000e+00   9.9804183e-01  -6.7402053e-02  -4.8539913e-01  -8.3426739e-01  -6.4144018e-01  -5.5822829e-01
   2.0000000e+00  -5.3663628e-01  -9.7436578e-01  -5.9379960e-01   8.3917188e-01   5.9491437e-01  -6.7462569e-02
   2.0000000e+00  -3.0429730e-01  -1.3086300e+00   8.5987777e-01  -3.1965708e-02   1.4644400e+00  -1.6366319e+00
   2.0000000e+00  -7.7226469e-01   1.6014409e+00   7.2013046e-01  -8.4685374e-01   1.0477687e+00  -4.4211275e-01
   2.0000000e+00   1.5908035e+00   7.3153487e-01   2.8168565e-01   8.3697796e-01  -2.2509259e-01  -1.2630339e+00
   1.0000000e+00  -3.2684673e-01   5.8262500e-01   6.1708357e-01  -1.5386750e-01  -6.6016129e-01   2.0036254e+00
   2.0000000e+00  -3.8879137e-02  -1.5686950e+00   1.1606747e+00  -1.1305117e+00  -4.1471397e-01  -4.1484786e-01
   2.0000000e+00   9.8483692e-01   7.0064797e-01  -6.6361138e-02  -5.2982538e-01   2.0117865e+00   5.4508898e-01
   2.0000000e+00  -2.3928738e+00  -1.1276580e+00  -2.2375772e+00  -3.7581758e-01  -8.0330695e-01   6.6018003e-01
   1.0000000e+00   4.4295575e-01   6.6855832e-01   7.7253287e-01   1.1743162e+00  -2.4596694e-01   7.6250597e-01
   2.0000000e+00   2.1606855e-01  -1.6769964e+00  -8.7071698e-01   3.9525167e-01   1.9730348e-01  -1.9792420e+00
   2.0000000e+00  -7.9392103e-01  -2.5376616e-01   8.9393389e-01  -4.1876431e-01  -1.1731555e+00   3.3856986e+00
   2.0000000e+00  -1.3696317e+00   2.0868027e-01   1.3253720e+00  -4.7677785e-01  -3.9870945e-01  -1.4121380e+00
   2.0000000e+00   1.5998634e+00   3.0648620e-01  -3.1504805e-01   1.7715914e+00   1.4250457e+00  -1.1341839e-01
   2.0000000e+00   7.6079749e-01  -1.3107088e-01   7.9653470e-01   1.2854777e+00  -2.4624075e-02  -7.9977895e-01
   2.0000000e+00  -1.6273819e+00   8.4892372e-01  -2.1937236e+00  -1.3703454e+00   1.2627933e+00  -4.6526252e-01
   2.0000000e+00  -1.2521303e+00  -4.0714955e-01  -4.7233220e-01  -1.9458675e+00  -2.2009441e+00   2.7423895e+00
   2.0000000e+00  -6.4774308e-01   8.4932118e-01   8.4601971e-01  -2.6251721e-01   3.8136557e+00   1.1208070e+00
   2.0000000e+00  -1.3484637e+00  -1.7614373e+00   2.1771045e+00  -7.1850500e-01   1.7591383e-01  -4.9452201e-01
   2.0000000e+00   5.3034623e-01  -1.0191395e+00   9.1473554e-01  -1.0170663e+00   1.0601798e+00   7.7815735e-01
   2.0000000e+00  -5.1837968e-01  -2.3532799e-01   3.4953739e-01  -1.5671613e+00  -1.1048941e+00  -6.9914561e-01
   2.0000000e+00  -1.0572249e+00   1.0471671e+00   8.0340995e-01  -9.4064784e-01  -1.3931512e-01   5.0223802e-01
   1.0000000e+00   3.0480072e-01   3.8517440e-01  -3.9002423e-01  -8.6563847e-01  -6.0945975e-01   1.0890608e+00
   2.0000000e+00  -9.3954983e-01  -4.6011925e-01   4.7620043e-01   6.9766317e-01  -6.1288875e-01   1.9998104e-01
   2.0000000e+00   6.3372643e-01   1.1293900e+00   5.9075952e-01  -1.8564161e-01   6.4910293e-01  -4.4498041e-01
   2.0000000e+00   1.4034686e+00   6.8904108e-01  -3.7041219e-03  -1.1682827e+00  -6.6795669e-02   1.0686308e-01
   2.0000000e+00  -1.1173037e+00  -1.0837400e+00   4.4220156e-01  -3.1019841e-01   1.0133180e+00  -3.2219323e-02
   2.0000000e+00   2.0357835e+00  -3.1340937e-01  -6.0717209e-01   3.6394772e-01  -1.0467635e+00  -9.9198790e-02
   2.0000000e+00  -9.6536132e-01   5.0351463e-01   4.7046721e-01  -2.8128965e+00  -6.2793725e-01  -1.5598417e-01
   2.0000000e+00  -1.3743022e+00   1.9403741e+00  -1.0546961e+00   6.0923926e-01  -1.7201157e+00   3.3352402e-01
   1.0000000e+00  -4.5067311e-02   1.6657285e-01  -8.5264164e-01   4.0190236e-01  -8.5238958e-01   2.6899928e-02
   2.0000000e+00  -1.9687299e-02  -1.0937972e+00  -9.2574446e-01   1.1303792e+00  -1.1137528e+00  -1.1743018e+00
   2.0000000e+00   9.5305478e-01  -4.5543053e-01   8.1337460e-01   1.0991103e-01   9.3139742e-01   5.1154274e-01
   2.0000000e+00  -8.9404897e-01  -6.8392724e-01  -1.6676500e+00   8.1663547e-01  -2.7920435e-01   1.2364316e+00
   2.0000000e+00  -6.7121654e-01   9.5481573e-01  -6.1929918e-01   1.3971628e+00  -4.1438125e-01   2.7560106e-01
   2.0000000e+00  -1.8170770e+00  -9.1614173e-01   2.4148552e+00  -1.6751394e-02   1.2188407e-01   1.0357325e+00
   2.0000000e+00  -2.0458940e+00  -5.5794876e-01   1.3081016e+00  -5.8692338e-01  -1.8037581e+00  -1.6600881e-01
   2.0000000e+00   6.0718694e-01   9.9854621e-01   7.9872962e-01  -7.3541348e-01  -8.8340484e-01  -5.2966441e-01
   1.0000000e+00   7.8111785e-01   5.5385032e-01  -5.8402016e-01  -6.4539802e-01   6.4707480e-01   2.1261185e-01
