   1.0000000e+00   1.8275013e-01  -8.9793481e-01  -3.6774888e-02   1.7438018e+00   4.2616682e-01   1.4529881e+00
   2.0000000e+00  -2.9105922e-01  -1.4831457e+00  -1.3400080e+00   2.0330527e+00   3.9182414e-01   1.2251181e+00
   2.0000000e+00  -4.1496662e-02  -1.7454157e+00   3.7718920e-01  -4.0148914e-01  -6.6167529e-01  -3.5556768e-02
   2.0000000e+00   1.1092328e+00  -4.9296389e-01  -8.7505988e-01   3.8362843e-01  -7.4843480e-01   1.7914506e+00
   2.0000000e+00   3.6936721e-01  -2.1328301e-01  -3.5259308e-01   8.9489192e-01  -1.2870886e+00  -4.9020556e-01
   2.0000000e+00  -1.0428588e+00   5.2154191e-01   8.0120977e-01  -5.9861796e-01  -7.9381451e-01  -1.8500701e+00
   2.0000000e+00   1.3898872e+00   3.5459752e-01   8.8874202e-01  -1.1544985e-01  -6.6637910e-02   7.4327514e-01
   2.0000000e+00  -7.1712257e-02  -4.7426475e-01  -1.0249579e+00  -1.6384291e+00   1.6196395e+00   2.8448886e-01
   2.0000000e+00   1.4402571e+00  -1.0173292e-01   8.0321745e-01   1.0358822e+00  -8.1489667e-01   3.3537180e-02
   2.0000000e+00  -1.8089067e+00  -8.3220641e-01  -7.1806602e-01  -2.6124651e-02  -1.9279806e+00  -2.0096664e-01
   1.0000000e+00   6.8271479e-01  -1.8302520e+00  -7.5625002e-02  -6.8141188e-01   2.5244517e-03  -1.4953171e+00
   2.0000000e+00  -5.9744668e-01  -3.7179949e-02   1.3492794e+00  -7.4955026e-01  -3.3225746e-01  -1.1050016e-01
   2.0000000e+00   1.5503016e+00  -1.2963743e-01  -6.9515776e-02   9.8615160e-01   2.5925724e+00   1.0591226e+00
   2.0000000e+00   9.1461567e-01   5.8878306e-01   1.0950559e+00  -4.3074400e-01   6.2049877e-01  -7.5931148e-01
   2.0000000e+00   2.1498033e-01   8.4485344e-02   8.7972122e-01   2.0486598e+00  -1.5015526e-01   1.5728873e+00
   2.0000000e+00  -5.8966384e-01   3.8093494e-02  -7.3651671e-01   5.5471437e-01   8.8659159e-01   1.0066383e+00
   1.0000000e+00   3.7156656e-01  -5.5704580e-01   6.4295643e-01   2.7787261e-01   7.2896609e-01   1.7204368e-01
   2.0000000e+00  -6.1386447e-01  -2.1236000e+00   1.5661990e+00  -1.9959016e+00  -1.6964110e+00  -3.1879942e-01
   2.0000000e+00   1.1301853e+00  -1.4469085e+00   7.4179838e-01   6.7944948e-01  -1.1821131e+00   2.2572784e-01
   2.0000000e+00  -1.7642726e+00   5.6714127e-01   5.6863969e-01   7.7142240e-01   8.6376455e-01  -1.6376514e+00
   2.0000000e+00   7.3134737e-01  -8.2396108e-01  -1.6527227e-03   1.1341560e+00  -1.6028523e+00   1.5937939e+00
   2.0000000e+00  -5.3604272e-01  -1.4012543e+00   4.4399459e-01   8.4073695e-02  -2.0202523e-01  -7.1011655e-01
   2.0000000e+00  -1.2087753e-01  -7.9852981e-01  -9.0033074e-01   1.5852144e+00  -1.0603650e+00  -7.8843128e-02
   2.0000000e+00   3.8420530e-01  -4.8752195e-02  -5.9958930e-01  -2.8899447e-01  -1.8573530e+00   4.8876436e-01
   2.0000000e+00   7.7375050e-02   1.2573179e+00   1.2793321e+00   2.3519079e+00   3.0957907e+00  -2.5145425e-01
   2.0000000e+00  -4.8568843e-01  -3.8731057e-01  -9.7650410e-02  -1.1767316e+00  -1.5722695e-01  -8.3254636e-01
   1.0000000e+00   2.2433472e-01   4.7279881e-01  -6.5908085e-01   1.0597137e-01   1.0922005e-01   1.0969483e-01
   2.0000000e+00  -1.2376686e+00   1.3322992e+00  -1.0844548e+00  -6.0116168e-01   1.9607286e-01  -4.6903085e-01
   1.0000000e+00   6.2016772e-01   1.1576073e+00  -2.2081719e-01  -1.3058949e+00   3.0239125e-01  -8.5560679e-01
   2.0000000e+00   1.2848740e-01  -1.3906099e+00  -1.2129622e+00   1.0671595e+00   1.0557074e+00   7.7895257e-01
   2.0000000e+00  -1.0220581e+00   3.8050065e+00   1.1101805e+00  -2.3529183e-01  -8.7533455e-01  -4.3069996e-01
   1.0000000e+00   1.9992627e+00   1.4507206e+00  -3.9844936e-01   2.0474822e-01   7.4315432e-01   8.3188599e-01
   2.0000000e+00   1.3969763e+00   1.2877248e+00  -3.4045395e-02  -4.9395832e-01   1.2122874e+00  -1.7080628e-01
   2.0000000e+00  -1.8931000e+00  -2.2635181e+00   2.1276791e+00  -1.7305488e+00   9.0922171e-01   5.1922393e-01
   2.0000000e+00  -8.2699855e-03  -2.1870030e-02   5.2001437e-01  -1.6140125e+00  -2.0098556e-01   5.1327551e-01
   2.0000000e+00  -8.0228922e-01   7.7006541e-01   7.8993687e-02  -1.6818271e-01  -9.0546192e-01  -7.7805464e-03
   2.0000000e+00   2.9409057e-01   8.1435175e-01   1.7756614e+00  -2.8088073e-01  -1.0563332e+00   3.5986728e+00
   2.0000000e+00   4.5632225e-01   3.7215183e-01   1.2277890e+00   2.0454301e-01  -5.4657588e-01   1.7568815e+00
   2.0000000e+00  -3.3860519e-01  -2.3584638e-01   1.1992420e+00   9.2460068e-01   7.2151962e-02   1.8740245e+00
   1.0000000e+00   1.0959850e+00  -1.1169373e+00  -3.0085245e-01  -2.1181465e+00   4.3672776e-01  -1.4706483e-01
   1.0000000e+00  -9.6703310e-01  -5.3443641e-01   1.5024657e-01   7.4234789e-01   2.5806968e-01   2.8174125e+00
   2.0000000e+00   4.8235831e-01   1.0972180e+00  -3.5868672e-01  -8.5998332e-01   1.0968066e+00  -4.5631387e-01
   2.0000000e+00  -1.2919472e+00  -6.7377416e-01  -8.7860194e-01   7.1455004e-01  -1.9996525e-01   7.6552404e-01
   2.0000000e+00  -1.3010519e-01  -9.4698606e-01  -2.0309161e-01   7.8199404e-02  -4.5700522e-02   2.0261086e+00
   2.0000000e+00   1.8590999e+00   8.1476521e-01  -1.0050282e+00  -4.8040477e-02   5.4099389e-01  -3.0979560e-01
   2.0000000e+00  -1.8000400e-01  -1.3958331e+00   4.4962807e-02   1.9818165e-01  -2.6786363e-01   6.9364687e-01
   1.0000000e+00  -2.0645460e-01  -6.3111698e-01   4.3943789e-01   1.6194850e+00   4.7015045e-02  -1.9190211e-01
   2.0000000e+00  -2.9708220e-01   1.1947031e+00   1.4762010e+00   4.9299491e-01  -5.2188977e-01   4.8714442e-01
   2.0000000e+00  -4.4907470e-01  -5.3755409e-01   9.0139091e-01  -4.0429358e-01  -2.4078101e-01  -3.4410019e-01
   2.0000000e+00  -1.2987889e+00  -3.3408464e-02   9.5830394e-01   3.6522843e-01   8.5904313e-01   7.0734007e-01
   2.0000000e+00   5.4913967e-01  -2.8700984e-01  -5.3115287e-02  -1.1421010e+00  -1.2324633e+00   1.7879312e+00
   1.0000000e+00  -5.2684590e-01  -1.4314048e+00  -1.8683033e-01  -7.0108799e-01   1.1853792e-01  -1.4301593e+00
   2.0000000e+00  -5.7370257e-01  -9.0498725e-01   7.5526940e-01   6.2959103e-01  -1.6757404e+00  -8.9908425e-01
   2.0000000e+00  -3.0148330e-01  -2.5510107e-01   1.1861623e+00   5.5010033e-01  -2.2839651e+00  -2.9597485e-01
   1.0000000e+00  -1.0620088e+00   6.2410097e-01  -2.0616403e-01  -1.8943895e+00   7.7281242e-01   1.1833533e+00
   2.0000000e+00  -1.8617516e-01  -4.4301090e-01  -4.7609888e-01   6.0572149e-01  -9.4478768e-01   7.4936871e-01
   2.0000000e+00  -1.3609549e+00   5.2771800e-01   6.5618017e-01  -9.0316393e-01  -8.8562207e-01  -9.3549306e-01
   2.0000000e+00   6.1470002e-02   9.8925857e-01   9.8200316e-01  -2.1088893e+00   8.0282332e-01   6.1843752e-01
   2.0000000e+00   6.4070321e-01  -1.2214198e+00   1.5087893e-01  -4.3061816e-01  -1.9589817e+00   2.3061340e+00
   2.0000000e+00   8.0677878e-02   7.6346511e-01   4.9120042e-01   1.6606383e+00  -1.9428954e+00  -2.8411527e-01
   1.0000000e+00   1.5182601e+00   1.2329006e+00   1.9678656e-01   3.3452814e-01   3.5335084e-01  -1.5379398e+00
   2.0000000e+00  -2.0766258e+00   7.6818941e-01   2.5426428e-01   8.1278116e-01  -8.7900825e-01  -1.8215565e-01
   1.0000000e+00  -9.1130786e-01   6.8225598e-01   1.1208924e-01  -7.7797992e-01   4.4456804e-01  -1.0968160e+00
   1.0000000e+00  -2.7729209e-01  -3.2309559e-01  -6.0294884e-01   2.1568578e-01   3.2934277e-01  -9.5499111e-01
   2.0000000e+00  -6.4571842e-02  -4.9671832e-01   1.7763395e+00  -1.9012284e+00   9.5207031e-01  -9.5366268e-01
   2.0000000e+00   4.6790068e-01  -7.7159684e-01   9.2604123e-01   9.6297640e-01   8.5563838e-01   9.2305705e-01
   2.0000000e+00   1.2022644e-01   1.9182157e+00   2.7575026e-01  -3.3148337e-01  -5.8627326e-01  -5.6445588e-01
   2.0000000e+00   5.5835395e-01   4.5354631e-01   9.4043751e-01   9.9044775e-01   8.0857386e-01   1.6224331e+00
   2.0000000e+00  -1.3597561e+00   2.5189994e-01  -2.1318649e+00  -7.5208337e-01  -1.1710149e+00   1.2578462e+00
   2.0000000e+00  -1.2536827e-01   1.4349990e-02   2.4776185e-01   1.1099205e+00  -3.0365004e-02   1.8472123e+00
   2.0000000e+00  -1.9773205e-01  -2.2924135e-01  -6.2677554e-01  -7.3638095e-01  -1.9022672e+00   4.6244029e-01
   2.0000000e+00  -1.0257374e+00   6.8251983e-01   3.8362186e-01   2.3718185e-01   1.0571156e+00  -1.2278052e-01
   2.0000000e+00  -1.2550646e+00   1.7259597e+00   3.3768024e-01  -6.2445387e-01   1.4949437e+00   5.7779628e-01
   2.0000000e+00  -3.1846090e-02   6.5357902e-02   3.9829242e-01  -3.2779379e-01   1.7606648e+00   3.7575273e-01
   2.0000000e+00   1.2987007e-01  -3.1677325e-01  -9.1076864e-01  -7.0847913e-02   1.6055845e+00  -5.3235217e-01
   2.0000000e+00  -1.0401667e-01  -1.4297921e+00  -2.3906828e-01   5.4129950e-01  -1.8775776e-01  -9.5585342e-01
   2.0000000e+00   8.8131639e-03  -1.0273703e-01  -1.2657430e+00   5.5080928e-01  -2.9960035e-01   1.4983575e-01
   2.0000000e+00  -3.5495018e-01  -9.2316519e-02  -2.4554619e-01   2.0277424e-01  -2.2345468e-01  -7.5719665e-01
   2.0000000e+00  -8.3261038e-01   7.3873064e-01   1.9204509e-01  -7.5277289e-01   1.0764198e+00  -2.0598541e-01
   1.0000000e+00  -1.2618607e+00  -1.3950466e+00   2.7623892e-01   4.2544528e-02   4.9684488e-01  -2.5148354e+00
   2.0000000e+00  -4.1549994e-01   1.3603758e-01  -2.0652855e-01  -2.0456663e+00  -5.8411269e-02   7.2917322e-01
   2.0000000e+00  -1.0712355e+00   1.3359385e+00  -8.2505883e-01  -6.8113197e-01  -7.1918530e-01   6.1824057e-01
   1.0000000e+00  -1.0110872e+00  -1.6413749e+00  -7.5450099e-01  -2.4448931e-01   8.6507576e-02   4.2840525e-01
   1.0000000e+00  -3.1351401e-01  -6.2031096e-01   3.7977337e-02   2.7808411e-01   8.3578144e-02   5.0004360e-01
   2.0000000e+00   1.9025163e-01  -3.0954732e-01   2.3244635e-01  -9.9403996e-01  -4.3317087e-01   7.1609134e-01
   2.0000000e+00  -3.3625609e-01  -3.0396191e-01  -1.3494219e+00   4.4967762e-01  -2.0916716e+00  -1.4947084e+00
   2.0000000e+00   8.7246057e-01  -5.1872714e-01  -1.4044207e+00   1.3146185e+00  -4.8836218e-02  -4.5867009e-01
   2.0000000e+00  -4.7319617e-01   1.0737136e+00  -9.3749860e-01  -5.5530545e-01  -7.1395283e-01  -6.1623675e-01
   2.0000000e+00   1.2611532e+00  -2.1519549e+00   7.4345367e-02  -5.4240884e-01   3.3394044e-01   6.8161329e-01
   2.0000000e+00   1.8626833e-02  -2.6652032e-01  -7.1945580e-01   1.0179379e+00   1.4789335e+00   1.6013136e+00
   2.0000000e+00   1.0621019e+00   1.7561597e+00  -2.6934948e-02   1.4553831e+00   1.9131670e+00  -5.8546307e-01
   2.0000000e+00   1.3429524e+00   1.1849057e+00  -8.1840043e-01   2.9912871e+00  -1.8765155e+00  -5.9037410e-01
   2.0000000e+00  -1.1947629e+00   4.7959512e-01  -2.0468989e+00   3.8206560e-01  -4.0017616e-01  -1.1121710e+00
   2.0000000e+00   3.7593920e-01   1.2402867e+00  -5.6780983e-01   1.5673045e+00  -1.1593867e-01  -1.9560142e+00
   2.0000000e+00  -1.0567046e+00   2.4198522e+00   5.8544215e-01  -1.1368620e+00   8.2595408e-01  -7.9189610e-01
   2.0000000e+00   1.5976040e+00   4.1133918e-01   7.9051235e-02  -1.6441675e-01  -3.2565460e-01  -1.0229932e+00
   2.0000000e+00   7.3315668e-01  -2.1908633e-01   1.9893361e+00   2.5903849e-01   5.9020568e-01  -5.4045288e-01
   2.0000000e+00  -3.5700042e-01  -2.0772036e-01   5.0137306e-01   7.6975905e-02  -1.8677705e+00  -1.1333006e+00
   1.0000000e+00   1.7080192e-01  -1.5450681e+00   3.0295311e-02  -1.0419281e+00   9.0612080e-01   6.2595708e-01
   2.0000000e+00  -8.2160226e-01   8.3434049e-01  -1.3274621e+00  -4.1304475e-01   1.3541035e+00   1.0429191e+00
   2.0000000e+00   2.2989736e+00   1.0512327e+00   1.6823043e+00  -5.4625449e-01  -1.9039189e-01  -2.4656956e-01
   2.0000000e+00   2.8834670e-01  -1.1687251e+00   2.3988826e-01   1.7171111e+00  -6.3575322e-01   4.3127368e-01
   2.0000000e+00  -1.0205363e+00   5.3808286e-01   9.1927523e-01   4.8134384e-01  -5.9247634e-01   4.4298700e-03
   2.0000000e+00  -1.2961012e+00   4.2678935e-02   7.1873434e-01   7.2244814e-01  -9.5890600e-01  -1.3831660e+00
   1.0000000e+00  -1.0948701e+00  -8.9830219e-01  -1.2159699e-01   1.7273393e-01   5.5129263e-01   4.4885383e-01
   2.0000000e+00   1.9573155e+00  -5.1091104e-01  -1.1809237e+00   4.1487560e-02   1.2943347e-01  -7.2614590e-01
   2.0000000e+00   7.9041084e-01  -4.4512344e-02  -1.2631121e-01   1.2495257e+00  -6.3072275e-01   1.9208327e+00
   2.0000000e+00  -1.0138862e+00   8.6676063e-01   1.1234094e+00  -1.2547086e+00   3.2740589e-01   1.4318609e+00
   2.0000000e+00  -1.9044300e-01  -9.1437978e-03  -1.2178547e+00  -2.1587674e+00   2.8644779e-01  -3.9144067e-01
   2.0000000e+00   5.9598011e-02   4.5385972e-02  -4.0133143e-01   1.0751716e+00   1.0305020e+00  -4.0333859e-01
   2.0000000e+00   5.5505115e-01   1.5995113e+00  -2.3823093e-03   5.6470484e-01  -4.8623486e-01  -5.3278942e-01
   2.0000000e+00   9.9456366e-01   1.5499057e+00   3.7936226e-01   1.7454087e+00  -9.4088733e-01   7.2384560e-02
   2.0000000e+00   5.0923209e-01   8.4094333e-01   2.8705719e-01  -5.6846818e-01  -2.2036704e+00   5.1666514e-01
   2.0000000e+00   4.4012888e-01   6.5646142e-01  -1.2743566e+00  -1.0919412e+00  -5.6997022e-01   1.4589947e+00
   2.0000000e+00   4.1305505e-01  -2.4065380e+00   8.5905219e-01   4.8058018e-01  -8.4478353e-01   9.1739668e-01
   2.0000000e+00  -9.4161366e-01   9.8861308e-02  -4.4699574e-01  -7.7649551e-01  -5.1030353e-01   1.8205189e+00
   2.0000000e+00   1.3975315e+00   5.8064112e-01   1.2188553e+00  -5.6168296e-01   5.4813050e-01   9.7553369e-01
   2.0000000e+00   1.2302229e+00   1.9317123e-01   1.2623539e+00  -6.9744484e-01   2.0463596e+00   7.6851377e-02
   2.0000000e+00   6.3545398e-01   6.8599976e-01  -1.6262379e+00  -3.3422925e-01  -5.3671146e-01  -1.3645088e+00
   2.0000000e+00   4.6683496e-01  -7.6790053e-01   2.0908560e-01   9.1782928e-01   9.8604040e-01   8.4206318e-01
   2.0000000e+00   9.0557460e-01   4.6689203e-01   2.1243034e+00  -1.8358550e+00   1.3530467e+00  -2.0324827e+00
   2.0000000e+00   4.1886182e-01   8.1776188e-01  -1.3358234e+00   1.6946311e+00  -2.1118997e+00  -1.2057084e+00
   2.0000000e+00   1.2966562e-01   1.2556056e+00  -6.8900460e-01  -1.4891483e-01  -8.1759801e-02  -1.0946841e+00
   2.0000000e+00  -3.6095767e-01   4.7173143e-01  -8.3975023e-01  -2.5596804e-01  -1.9451850e+00  -4.4232985e-01
   2.0000000e+00  -8.1624703e-01  -7.3152935e-01  -6.9092355e-01  -1.7327724e+00  -7.0600730e-01   9.5591274e-01
   2.0000000e+00   2.7377606e+00  -2.2189516e+00   1.5293483e+00   6.4463624e-01   5.1152023e-01  -2.2325338e-02
   2.0000000e+00   1.7959974e+00   1.2103621e-01  -1.6045460e+00  -2.9604971e-01  -1.2379540e+00   1.1564031e+00
   2.0000000e+00  -3.1089078e-01  -1.2525618e+00  -1.2305809e+00  -3.8231419e-01  -7.4945643e-02  -3.8823302e-01
   2.0000000e+00  -1.4473774e+00  -4.9991229e-02  -9.7117060e-01  -1.0109420e+00  -7.3842665e-01   1.9233184e-01
   1.0000000e+00  -1.8395565e-01   1.5520337e+00   5.8051674e-02  -1.2397470e-01   3.9401557e-01   3.8053805e-01
   2.0000000e+00  -6.3470753e-01   6.3503984e-01  -8.1011477e-02   1.7420657e+00  -1.1283736e-01   1.2432782e+00
   2.0000000e+00  -1.7915847e+00  -1.1515867e-01   1.6672978e+00  -6.3718722e-01   2.1362124e-01  -1.4714073e+00
   2.0000000e+00  -6.4587456e-01  -8.0802217e-01  -2.0069993e+00  -9.0659248e-01  -8.3576419e-01  -5.0445171e-01
   2.0000000e+00   1.5258053e+00  -5.2792560e-01  -6.4702248e-01   1.4750687e-01  -1.7982551e+00  -7.2238057e-01
   2.0000000e+00   8.8263619e-01  -5.2445350e-01  -1.8711406e+00   5.6525442e-01  -1.6633936e-01  -9.7065374e-01
   2.0000000e+00  -5.4891364e-01  -2.1214846e-01  -3.4509838e-01   6.0479122e-01  -1.5834376e+00  -9.1376468e-01
   1.0000000e+00  -4.4119993e-01  -3.4367137e-02   2.1569309e-02  -4.5963973e-01   4.0108537e-01   4.0269435e-01
   1.0000000e+00   1.6438747e+00   2.0727993e-01  -3.1884794e-01   2.7571956e-01   4.0974642e-01   2.6409771e-01
   2.0000000e+00  -2.0433307e+00   1.6974162e-01  -5.0363611e-01   1.2470002e+00  -4.5311295e-01   1.3466446e+00
   2.0000000e+00  -3.3743399e-01  -3.9958382e-01  -2.7595058e+00   8.1682693e-01   2.0584082e+00  -1.7899697e+00
   2.0000000e+00   7.4958240e-01   7.8652892e-03  -9.9585643e-01   8.3451465e-01   1.0313504e+00   4.1786589e-01
   2.0000000e+00  -4.2975770e-01  -8.4227746e-01  -3.8785711e-01   1.3569046e+00  -1.0482500e+00  -5.0177528e-01
   2.0000000e+00   2.8860111e-01  -2.4229249e-01   1.2008528e+00   9.8237853e-01   1.3660286e+00   1.6968570e+00
   2.0000000e+00  -2.5700587e-01   1.5642405e+00   8.4166362e-01  -7.0808448e-01   5.7303184e-01  -9.4147131e-03
   2.0000000e+00  -1.4126470e+00  -1.9325461e+00  -1.6745721e+00  -2.7319537e-01  -8.5079178e-01  -5.0277988e-01
   1.0000000e+00  -2.6317132e-01   4.2161074e-01   2.0308762e-01   2.8682763e-01   6.2429819e-01  -2.1423228e+00
   2.0000000e+00  -4.9106671e-01  -2.1880303e-02   6.8493625e-01   1.0012175e+00  -6.1649689e-02   1.0202946e+00
   2.0000000e+00   2.0468501e-01  -2.9549604e+00   2.7755564e-01  -7.0582523e-01   4.7607485e-01   4.1624427e-02
   1.0000000e+00   4.7227053e-01  -4.7017465e-01  -3.8869788e-01   8.4061892e-02   2.6827022e-01  -3.0665140e-02
   2.0000000e+00   1.2834124e-01  -6.8346067e-01  -1.2852870e+00  -1.0541067e+00   7.1310003e-01  -9.5911290e-01
   2.0000000e+00   7.6302510e-01  -1.2623734e+00  -8.2921711e-01   6.1127920e-02  -1.2197832e-01   1.3354722e+00
   2.0000000e+00  -2.6973557e-01  -1.7232793e+00   4.7878857e-01  -1.6061731e+00  -1.7181354e+00  -8.8574822e-01
   2.0000000e+00   6.3890403e-01  -5.6418320e-01   5.6103494e-01   1.4069387e-02  -1.4597632e-01   3.4755254e-01
   2.0000000e+00  -2.5392931e+00  -6.4081214e-01  -1.3411768e+00  -3.4200996e+00  -1.0425809e+00  -5.8065141e-01
   2.0000000e+00  -3.8693323e-01  -1.4870052e+00  -1.0935367e+00  -1.3503142e-01   8.7962449e-01   1.5957200e-01
   2.0000000e+00  -3.2734357e-01   3.4453892e-03   1.0240456e+00  -1.0024725e+00  -1.1777300e+00  -3.0940685e-01
   2.0000000e+00  -6.9414441e-01   7.3942896e-01   3.2949736e-01   4.7794713e-01  -1.6231462e+00   4.7121543e-01
   2.0000000e+00  -1.6029104e+00  -8.8932862e-01  -1.4455254e+00   7.2808393e-02  -7.7175913e-01  -6.7249907e-01
   2.0000000e+00   1.4675427e+00   1.4605428e-01  -3.7931155e-01   1.0811936e+00  -1.4444278e+00   1.0687645e+00
   2.0000000e+00   1.4683984e+00   5.1669000e-01  -1.4249746e+00  -6.4300345e-01  -1.4809985e-01  -6.8538413e-01
   1.0000000e+00   5.4420340e-01   4.2954325e-01   4.7382257e-01  -5.9365020e-01   8.7840424e-01  -8.7654242e-01
   1.0000000e+00   2.5932356e-02   3.8018412e-01  -5.6563956e-01  -8.2431585e-01   7.2632528e-01  -3.9035382e-01
   1.0000000e+00  -1.2828061e+00   1.5788855e-01  -6.5368846e-01  -9.6219189e-01   3.2527129e-01  -1.2464406e+00
   2.0000000e+00  -2.8641036e+00  -1.2563624e-01  -2.4178273e-01   1.1854026e+00  -1.3467455e+00   3.1399593e-01
   2.0000000e+00  -2.5590085e-01   3.0136642e+00  -1.2438259e+00  -1.8754721e-01  -9.0516334e-01  -6.6576948e-01
   2.0000000e+00   6.1358080e-01   5.7407877e-01  -8.4408284e-01   2.0478961e+00  -1.0204637e+00  -3.6597972e-01
   1.0000000e+00   1.8565774e-01  -7.1650522e-01  -3.3905512e-01   4.0825772e-01   6.0242702e-02   2.3380546e-02
   2.0000000e+00  -1.4502015e-01  -1.2253600e+00  -5.9274305e-01   1.4695265e+00  -7.0161044e-01   7.4692805e-01
   2.0000000e+00  -4.5897693e-02  -4.1225682e-01  -2.6086153e+00  -3.3498293e-01  -2.2858579e-01  -2.9482633e-01
   2.0000000e+00   7.4835323e-01  -3.7340912e-02  -4.6308137e-01  -9.4414696e-01  -1.0723450e+00  -8.3036194e-01
   2.0000000e+00   2.7246386e-01   5.5295147e-01  -9.8445610e-01  -2.1626245e-01   9.6917563e-01   1.2074007e+00
   2.0000000e+00   1.8675548e-02   8.3761196e-01  -4.7045673e-01  -2.1617058e-01  -4.7382686e-01  -7.9871975e-02
   2.0000000e+00  -2.1867257e-01   1.8390672e+00   2.7081073e-01   1.3267947e+00  -5.9351959e-01  -2.9371570e-01
   1.0000000e+00   1.5290768e-01  -1.4157796e+00  -6.9085114e-01  -2.7236628e-01   6.2679504e-01  -1.3125931e+00
   2.0000000e+00  -1.0713098e-01   1.4493340e-01  -5.0105966e-01  -8.8505373e-02  -8.1018689e-01   1.2065397e+00
   1.0000000e+00   1.9297459e-01   1.0714198e-01  -9.4578519e-01  -6.6697048e-01   3.0017708e-01  -1.1628504e+00
   2.0000000e+00  -1.0338216e+00   8.3356339e-01   1.2354113e+00  -2.0219362e-01  -2.9813573e-01   1.2269011e+00
   2.0000000e+00   5.8305864e-01  -1.3771330e+00  -2.0415429e+00   3.2906635e-01  -2.2573587e-01   9.2186925e-01
   2.0000000e+00  -4.0515897e-01   1.1593583e+00  -9.8460415e-01  -6.7948127e-03   7.3278387e-01  -3.1468151e-01
   2.0000000e+00  -3.9439827e-01  -1.2291364e+00  -1.0166605e+00  -1.1832457e+00  -3.6321507e-01  -1.2848527e+00
   2.0000000e+00   5.8174904e-01  -2.5621180e-01  -1.4996483e+00  -3.5901879e-02  -1.6838515e+00  -1.1359650e+00
   2.0000000e+00  -1.3321258e+00   6.1468056e-01   1.9010208e+00   5.8532406e-01   4.4830583e-01  -1.6150101e+00
   2.0000000e+00  -1.5125971e+00   1.8186480e-01   1.5284259e+00   6.2226868e-01  -6.7085163e-01   2.5348239e+00
   2.0000000e+00   1.0524045e+00   6.5200288e-01  -2.1586577e+00   9.0511759e-02   1.1701247e+00   6.1183328e-01
   2.0000000e+00  -1.0589706e-01   6.1328552e-01  -1.0103765e+00  -2.3684586e-01  -8.1942487e-02  -5.9669097e-01
   2.0000000e+00  -7.3818928e-01  -1.1297462e+00   6.1546459e-01  -4.8391430e-01   1.4944002e+00  -3.9941386e-01
   2.0000000e+00   9.8453524e-01   2.2594355e-01  -3.7284153e-02   5.8847616e-02   1.0479961e+00  -3.8362080e-01
   2.0000000e+00  -3.7957078e-02  -7.2710162e-01   2.5031737e-02  -1.5251544e+00   1.6358732e+00   2.1451935e-01
   2.0000000e+00  -4.0710689e-01   9.7983480e-02  -8.6928580e-01  -3.4779583e-03  -6.0965896e-01   5.0358483e-01
   2.0000000e+00  -1.2580152e+00   1.7707007e-01  -9.9651529e-01   2.2849739e+00  -2.1435677e+00   3.0627780e-01
   2.0000000e+00  -4.5114058e-01   1.2607507e+00   7.2701105e-01  -6.3719436e-01  -5.9657781e-01  -4.7236144e-01
   2.0000000e+00  -4.8201392e-01  -1.3875291e+00  -1.0334976e+00   2.6860209e+00   2.1044328e+00  -1.1739212e-01
   2.0000000e+00   1.8546343e+00  -7.1999987e-01   3.9391654e-01   5.8819132e-01   2.3998286e+00  -1.5158570e+00
   1.0000000e+00   1.8542155e+00  -1.4221505e+00   3.8036201e-01  -1.8224317e+00   6.3978808e-01  -1.0290596e+00
   2.0000000e+00  -1.3437152e+00  -1.1387267e+00  -3.9388036e-01   3.1671783e-01   1.9070005e+00   1.4763949e-01
   2.0000000e+00   5.7656900e-01   2.1312270e-01   6.5133713e-01   1.0791200e+00  -1.8843399e-01   9.8729728e-01
   2.0000000e+00   1.5823780e+00   5.6702521e-01   1.3757355e+00   1.6735847e+00  -5.8584673e-01  -1.8623394e+00
   2.0000000e+00  -1.9042615e+00   5.8645178e-01   3.3179080e-01   1.1398034e+00   1.4959672e+00  -6.8619120e-01
   2.0000000e+00  -1.6205151e+00  -1.5149553e+00   1.0306463e+00  -3.3340438e-01   6.2630559e-01  -1.6893137e-01
   2.0000000e+00   1.7060652e-01  -2.9080835e+00  -1.3843100e+00   2.6768748e-02  -9.3412820e-01   2.9101255e-01
   2.0000000e+00   2.5537327e+00  -8.3722784e-01   1.1572960e+00  -2.1218674e+00  -1.0048847e+00   9.3853903e-01
   2.0000000e+00  -5.5477477e-01  -1.2531483e+00  -6.8132947e-01  -6.3741344e-01  -1.0938359e+00  -8.6770338e-02
   2.0000000e+00  -3.8404233e-01   1.6636051e-01  -1.0553428e-01  -7.9531983e-01  -1.2392273e+00   3.6417207e-01
   2.0000000e+00  -4.9268917e-01   2.8948662e-01  -1.2723041e+00   1.5256413e-01  -1.6623810e+00  -1.0775219e+00
   2.0000000e+00   8.8282503e-01   4.9339182e-01   3.0602253e-01   3.9930363e-03  -6.0294321e-01  -3.0090818e-01
   2.0000000e+00   7.5754537e-02  -1.5412940e-01  -1.5782404e+00   5.8232712e-02   4.9241947e-01  -4.0944893e-01
   2.0000000e+00   1.1248404e+00   4.8563101e-01  -2.5453882e-01   8.9849478e-01  -4.0925821e-01  -1.4529066e+00
   2.0000000e+00  -5.3818274e-01   1.3065245e+00   3.0473483e-02  -5.6157357e-01   1.5523028e+00  -3.0376401e-01
   2.0000000e+00   2.7317986e-02   2.0160849e+00   1.4067321e+00  -1.4953814e-01  -1.3149523e+00  -1.3709885e+00
   2.0000000e+00  -1.0359665e+00  -1.0829914e+00  -1.8718321e-01   5.2677582e-01   1.6089410e+00   4.5002762e-01
   2.0000000e+00   9.6490633e-01   5.8570752e-01   9.1795637e-01   4.4956731e-01  -2.1872671e-01  -4.9538064e-01
   1.0000000e+00   5.3907245e-01   6.3894547e-01   3.1957181e-01   7.5481032e-02   5.8929826e-01   1.2257387e+00
   2.0000000e+00  -1.0600188e+00  -1.3343000e+00   6.5576140e-02  -6.8553889e-01  -1.0825285e+00  -4.4285844e-01
   2.0000000e+00  -1.1474055e-01   1.8700597e-01  -4.5480192e-01  -2.4002554e-01  -8.2924889e-01  -2.0993240e+00
   2.0000000e+00   1.2002421e-01   9.0416427e-01  -9.8305027e-01   3.8981449e-01   3.7817143e-01  -7.9216087e-01
   2.0000000e+00   1.6932839e+00  -5.1206750e-01  -1.8766550e-01  -9.8827417e-01  -1.8606993e+00  -2.0292239e+00
   2.0000000e+00   2.1821375e+00   9.6875617e-01  -9.1482272e-01  -1.7981012e+00  -8.7879997e-02   1.0087352e+00
   1.0000000e+00  -5.0155613e-01   3.9386912e-01  -4.7568298e-01  -1.5237268e+00   6.2435406e-01  -9.3500190e-01
   2.0000000e+00  -5.1518410e-01   3.0011873e-01   1.3977662e-01   3.4161711e-01  -4.3224869e-01  -9.4878693e-01
   2.0000000e+00  -2.4913814e+00   1.9864693e+00   1.3363906e+00  -7.0341161e-01   6.8035929e-01   7.6718005e-01
   1.0000000e+00   1.4207529e-01  -2.9814201e-02  -3.7834791e-01  -9.7210955e-01   2.7425769e-01  -6.7415459e-01
   2.0000000e+00  -2.3517036e+00   1.0710318e+00   5.1967458e-01   2.4017865e-01  -1.6181614e+00  -5.2148170e-01
   2.0000000e+00  -2.6261873e-02  -1.2744423e+00   1.8777120e-01  -9.3922793e-01   1.1193865e+00  -4.1782959e-01
   2.0000000e+00   6.3020878e-01  -3.8135385e-01  -8.2795703e-01   1.1254824e+00  -3.9073808e-01   4.7054962e-01
   2.0000000e+00   8.1163049e-01   3.3009978e-01  -3.3872635e-01  -2.1587720e-01  -1.0943410e-01  -4.3689827e-01
   2.0000000e+00  -2.5994142e-01  -1.7564161e+00   1.1362665e+00   4.3919138e-01  -1.3251739e-01   1.6858638e+00
   2.0000000e+00   6.5302346e-01  -7.9862338e-01   6.4254259e-01  -2.0774143e-01  -9.0355448e-01  -1.0872641e+00
   2.0000000e+00  -1.7374767e+00  -2.5627331e-01   2.2645674e+00  -8.1328493e-01   1.3023769e+00  -1.3931734e-01
   2.0000000e+00   5.6677178e-02  -1.3892357e-01  -3.7577621e-01  -3.5013708e+00  -1.9376471e-01   3.6903806e-01
   2.0000000e+00   1.2216591e+00   3.7639879e-01  -4.9163020e-01   3.3341516e-01   9.5094920e-01  -5.5152388e-01
   2.0000000e+00  -2.3058418e-01  -2.5792393e-02  -1.2640760e+00   1.4779897e+00   1.8575002e-01   7.3335521e-01
   2.0000000e+00   2.0865541e+00   1.9922873e-01  -3.9086487e-01  -3.8618147e-01  -7.1259944e-01   1.8220040e+00
   2.0000000e+00  -4.6472694e-02   5.6834221e-01  -2.6195133e+00   3.3742085e-01  -3.4086439e-01  -1.1940327e+00
   2.0000000e+00  -1.5629973e-01   1.3429122e+00  -9.6515187e-01  -6.0556553e-01  -1.0302446e+00   1.2078850e+00
   1.0000000e+00  -9.2640746e-01   8.2468334e-01   8.8187767e-01   8.6710179e-01   1.4598516e-01   1.1790278e+00
   2.0000000e+00   9.7530970e-02  -7.6828892e-02  -1.1029197e+00  -3.0983850e-01  -9.4350135e-01   8.4051698e-01
   2.0000000e+00  -4.9914670e-01   7.9774879e-01   5.1680091e-01  -1.0606404e+00  -2.0660965e-01  -8.2250826e-01
   2.0000000e+00  -5.6910963e-01  -1.5659810e+00  -1.7496529e+00  -8.5941335e-03  -3.6679024e-01   1.8959909e+00
   2.0000000e+00   2.8223508e-01  -8.7722325e-01  -2.8369181e+00   1.8615088e+00  -9.2414470e-01   1.8177458e+00
   2.0000000e+00  -6.9345884e-01  -5.0077596e-01  -7.3056110e-01  -7.3857736e-01   1.7285103e+00   1.2740318e+00
   1.0000000e+00  -9.6346638e-03  -7.6773406e-01   4.2346791e-02  -4.7928402e-03   4.9204869e-01  -4.4931372e-02
   2.0000000e+00   5.0230681e-02  -8.0286203e-01  -1.4282496e+00  -6.1537612e-01   1.4624561e+00  -9.3379102e-01
   1.0000000e+00  -7.5241194e-01  -5.4255039e-01  -4.5350414e-01  -2.4354108e-02   4.5821825e-01   5.8472163e-01
   2.0000000e+00  -1.1392510e+00   8.8921748e-01  -1.5161665e+00   5.3092713e-01  -8.8610873e-01  -1.7537601e+00
   2.0000000e+00  -7.1696679e-01   1.1516470e+00   9.7128129e-01  -5.2294240e-01  -1.0521887e+00  -1.0923732e+00
   2.0000000e+00  -2.5259517e+00  -1.4783506e+00  -3.4198487e-01  -2.4737583e+00   1.0839475e+00  -2.1389924e+00
   2.0000000e+00   8.4502964e-01  -1.8964447e+00  -3.0342321e+00  -1.8159549e-01  -4.0711196e-01   2.6253351e-01
   2.0000000e+00   1.8975533e-01   8.1295032e-01  -5.2497780e-01  -3.0286788e-01  -4.0466998e-01   6.4095756e-01
   2.0000000e+00  -1.7007838e-01  -5.6831818e-01   1.6333137e+00  -1.8690536e-02  -3.4889464e-01  -4.8065714e-01
   2.0000000e+00   1.1377954e+00  -2.9050151e+00   7.9221503e-01   3.5117937e-01  -1.1575251e+00   7.9047581e-01
   2.0000000e+00  -6.8676815e-01   2.6497758e-01  -1.1727367e-01  -1.1823074e+00   1.9156366e+00   2.3682862e-01
   2.0000000e+00   6.3435639e-01  -1.1839181e+00   1.8958825e-01  -2.0502554e+00  -6.4474762e-01   3.2993971e-02
   1.0000000e+00   2.8357764e+00  -1.0758332e+00  -3.1631016e-01  -4.0013224e-01   3.4407062e-01   4.6003219e-01
   2.0000000e+00   1.5233476e-01  -1.6857301e+00   3.9122176e-01   6.7773686e-01  -6.9719911e-01  -1.9504897e-01
   1.0000000e+00   2.6811523e-01  -1.0181454e+00  -3.5598341e-01  -1.0845235e+00   1.6310505e-01   9.8935732e-01
   2.0000000e+00  -2.2734437e-01   1.2872428e+00   1.9069697e+00   9.2703239e-01   2.0493680e-01  -6.1979877e-01
   2.0000000e+00   1.3581097e+00   2.0102888e+00  -4.1244714e-01   5.9157509e-02   1.2086740e+00   2.6169182e-01
   2.0000000e+00  -2.5947177e+00   7.4085912e-01   2.1462451e+00   1.4392579e+00  -3.5909389e-01   9.3494177e-01
   2.0000000e+00   1.5083117e-01  -4.0137422e-01   2.3162630e+00  -1.4344413e+00   6.6903456e-01   1.0030613e-01
   2.0000000e+00  -9.3880204e-01   1.2092736e+00  -5.5146757e-01  -1.1057127e+00  -6.6766022e-01   2.3231282e+00
   2.0000000e+00  -7.7551193e-01  -1.4608468e+00   8.2910078e-01   1.0226454e+00   8.9494662e-01   8.4836293e-01
   1.0000000e+00  -9.8516782e-01   1.4589933e+00  -3.5068675e-01  -1.1220222e+00   3.4211581e-01  -1.1421961e+00
   2.0000000e+00  -1.7300323e+00   4.9834845e-01   8.1212271e-01  -2.4538912e-01   1.1705633e+00   1.8764585e+00
   2.0000000e+00   1.5135162e+00  -8.7866537e-01   1.1892848e+00   7.5333690e-01  -1.0661457e+00   5.5188831e-02
   1.0000000e+00   5.2042452e-01  -4.7259906e-01   2.4149137e-01   2.5375402e-01   4.2238463e-01   6.2077182e-01
   2.0000000e+00   1.4253229e+00   1.0718911e+00  -1.3873978e+00  -2.0480110e+00  -1.5175928e+00  -1.4405826e+00
   2.0000000e+00   1.2794946e+00  -1.3509353e+00   1.3870241e+00  -2.3799048e+00  -2.3962318e+00  -1.4508357e+00
   2.0000000e+00  -4.9407229e-01   1.0392178e+00   1.0646010e+00  -8.7969391e-02  -8.9347936e-01  -9.3067999e-01
   2.0000000e+00  -1.0077864e+00  -4.1769117e-01   1.3545641e+00   9.1900486e-02   9.8330379e-01  -6.6569979e-02
   2.0000000e+00   1.7932803e-01   1.5365962e-01   2.1372217e-01   5.8611427e-01  -3.8821483e-01   3.9379159e-02
   1.0000000e+00   1.0478878e+00  -2.4561901e-01   2.9313554e-01  -5.4587090e-02   2.5452534e-01   1.5826884e+00
   2.0000000e+00  -1.4953791e+00  -4.7378980e-01   1.2934564e+00  -2.1972206e-01   1.4555767e-01  -5.6468580e-01
   2.0000000e+00  -1.3616293e+00  -4.7309028e-01  -6.9959126e-01   1.0586994e+00  -1.0398226e+00  -1.1488237e+00
   1.0000000e+00   1.2958418e+00   1.4167630e+00   8.0199101e-01   4.4455802e-01   5.3118770e-01  -1.4815646e-01
   2.0000000e+00   2.0601790e-01   1.5988858e+00  -3.1083987e-01   3.3963621e-01   1.1131402e+00  -1.9077097e-01
   1.0000000e+00   1.9804900e+00   8.6355049e-01   5.1664684e-01  -1.9560344e+00   2.3756360e-02   4.0364579e-01
   2.0000000e+00   4.3290606e-01   1.7404998e+00   1.1075257e+00  -8.2139950e-01  -1.7926949e+00  -3.1237847e-01
   1.0000000e+00   1.4126624e+00   3.8831759e-01   5.1303476e-01   8.4434094e-01   3.7498223e-01  -7.3508785e-01
   2.0000000e+00  -9.2943703e-01  -4.9063542e-01  -1.4951095e+00  -7.9177350e-01   6.6490639e-02  -5.7063317e-01
   2.0000000e+00  -1.3627553e+00   1.2679739e+00  -1.5301887e+00   1.5893305e+00   1.0747837e+00   8.0971730e-02
   2.0000000e+00   7.1711650e-01  -1.3217821e+00  -1.3305538e-01  -5.5539577e-01  -3.5082976e-01  -1.5043982e+00
   1.0000000e+00  -9.8308832e-01   1.1499208e-01  -4.3529734e-02  -1.5960259e+00   3.1059270e-01  -4.1481063e-01
   1.0000000e+00  -7.3371482e-01  -8.9896347e-01  -2.6072281e-01   1.8979866e+00   3.5694927e-01   3.6015473e-01
   2.0000000e+00   7.9476899e-01  -1.4598301e+00   9.8335715e-01   2.8256751e-01   2.9109524e-01   2.6525622e-01
   2.0000000e+00   7.1550530e-03  -1.3546206e+00  -1.0323406e-01   9.1338844e-01  -1.4837098e+00   6.0549425e-01
   2.0000000e+00   7.0078555e-01   2.7646600e-01  -1.3415471e+00  -1.4401165e-01   9.7528176e-01  -1.1200874e+00
   2.0000000e+00  -7.9904437e-01   1.2209455e-01  -1.0051608e+00  -1.1636536e+00  -1.8004190e+00  -2.9600600e-01
   1.0000000e+00   9.0448569e-01   2.5738906e-01   3.9711950e-01  -1.8234408e+00   5.0489379e-01  -6.6922334e-01
   2.0000000e+00  -2.5460888e+00   1.1044393e-01   8.8641989e-01  -1.7010763e+00  -6.7753235e-01   2.5567454e-01
   2.0000000e+00  -9.4399389e-01   9.8479190e-01  -1.0336749e+00  -5.2283510e-01   5.1150984e-01   6.3985118e-01
   2.0000000e+00  -1.5669199e-01   5.9459428e-01  -1.1235801e+00   1.4220332e+00   5.1130447e-01   9.8280829e-01
   2.0000000e+00  -9.6069471e-01   6.8558940e-01  -1.9522104e+00  -8.4722276e-01  -6.1642204e-01  -4.9833712e-02
   2.0000000e+00  -3.2644084e-01   1.1979445e+00  -5.6143130e-01  -3.4886381e-01  -1.2110121e-01  -6.4896405e-01
   2.0000000e+00  -3.4372937e-01  -2.1392116e+00  -2.3723167e-01  -7.2680858e-01   1.6034766e+00   4.1026352e-02
   2.0000000e+00   1.6005011e+00  -6.2144087e-02  -1.0309477e+00  -8.4250871e-01  -1.2191192e+00   9.7027441e-01
   2.0000000e+00  -6.6301448e-01   9.8544920e-01  -3.2229263e+00   6.6594583e-01  -7.3911290e-01  -1.2257472e+00
   2.0000000e+00  -7.7097943e-02   1.3180263e+00   3.3799624e-01   3.8235424e-01   1.7727217e+00   1.1523427e+00
   2.0000000e+00  -1.3567160e+00   2.0138268e-01  -8.8196206e-01  -8.6608829e-01   5.4093253e-01   9.3809205e-03
   2.0000000e+00   1.0030968e+00  -1.0389130e+00   3.7405010e-01  -6.3940345e-01   1.2888384e+00  -7.1523240e-01
   1.0000000e+00   2.4691830e+00  -1.1464831e+00   4.7635371e-01   7.9257104e-01   4.5989827e-01  -8.7846177e-01
   2.0000000e+00   4.0550304e-02   5.3129831e-01  -9.1942409e-01   5.1656206e-01   1.4096707e+00   5.4566122e-01
   2.0000000e+00   1.6176599e-01  -5.5152817e-01   3.0153144e-01   5.6432010e-02  -1.8114653e+00   6.9835967e-01
   1.0000000e+00   8.2698340e-01  -6.1381809e-01  -2.6788680e-01  -7.3494394e-01   9.5766763e-01   5.1664611e-01
   1.0000000e+00   1.3823566e+00  -1.4304831e+00   6.8163635e-01  -6.2928406e-01   5.1603041e-01   1.8850122e+00
   1.0000000e+00  -4.5652401e-02  -3.0559642e-01   7.4120100e-01  -3.2878252e-03   4.0467943e-01   2.5319452e+00
   2.0000000e+00  -1.0474048e+00   1.3075403e+00  -6.5622120e-01   4.6529152e-01  -9.5537165e-02   4.2870988e-01
   1.0000000e+00   1.0720251e+00  -1.2360713e+00  -7.2935194e-01   5.3784802e-01   2.0672217e-01   7.0025227e-01
   2.0000000e+00   4.4524128e-01  -1.6060165e+00  -7.8103856e-01  -8.1157734e-01  -1.1200144e+00  -1.7927302e+00
   2.0000000e+00  -9.7292905e-01  -1.0602200e+00  -1.5682804e+00   1.1179228e+00   4.1003251e-01   9.3134294e-01
   2.0000000e+00  -4.3366810e-01   2.8305374e-01   1.7332349e+00   7.5489310e-01  -9.4189177e-01  -1.5270776e+00
   2.0000000e+00  -1.1333268e-01   1.4264454e-01   1.7773888e+00  -1.9831321e+00  -1.6041792e+00   1.1611880e+00
   2.0000000e+00  -1.0466399e+00   2.0953387e+00   3.3009186e-01  -1.5715641e+00   1.1395567e+00   5.6818848e-01
   2.0000000e+00  -3.2440445e-01  -2.2945529e+00   6.8268138e-03   4.5622036e-01  -1.0342816e+00  -2.1105918e-01
   1.0000000e+00   4.2830900e-01   1.1285886e+00   2.6112826e-01  -3.5714516e-01   8.7461116e-01  -2.2182129e+00
   2.0000000e+00  -1.3792043e-01  -5.2790760e-01  -1.1045931e+00  -1.7823169e-01  -8.8945375e-01   1.6613916e+00
   2.0000000e+00  -7.8489291e-01  -1.4636551e+00   4.4991715e-01  -3.8322977e-02  -3.1775707e-01  -5.7580046e-01
   2.0000000e+00  -1.5077869e+00  -9.3099971e-01  -4.3252952e-01  -1.4287207e+00   2.3458390e+00  -6.5111404e-01
   2.0000000e+00   2.3308936e+00  -1.2777443e+00  -9.2233870e-01  -8.1331104e-03   8.0326001e-01  -3.3974055e-01
   2.0000000e+00   5.7522531e-01   2.0574005e+00   7.9895631e-01   1.1871534e+00  -3.0426717e-01   1.5427690e+00
   2.0000000e+00  -1.1434623e+00   4.5485175e-01   7.5572624e-02  -7.0645677e-02  -9.9821363e-02   1.9075211e+00
   1.0000000e+00   1.5196785e-01  -2.0724867e-01   5.6784337e-01  -4.4653922e-01   2.0955453e-01  -2.5214694e+00
   1.0000000e+00   4.9387594e-01   5.1853378e-01  -6.6388549e-01   4.2419929e-02   2.1273709e-01   3.0229086e-01
   2.0000000e+00   1.6255711e+00  -1.1126680e+00   7.2429526e-01  -1.2034151e-01  -1.7063487e+00  -4.2674391e-01
   2.0000000e+00  -5.9611192e-01   1.1703546e+00  -1.1710949e+00   6.8479429e-01  -1.0760792e+00  -9.7880846e-01
   2.0000000e+00   5.8891824e-02  -9.2871766e-01   9.3151796e-01   8.2247637e-01  -1.0768530e+00  -1.0541564e+00
   2.0000000e+00   1.0808095e+00  -6.7319411e-01  -4.1880104e-01   9.5147031e-01  -2.2056848e+00   1.2831495e+00
   2.0000000e+00  -1.0372387e+00   3.0900062e-01  -5.1526163e-01   1.1550541e+00  -8.1666564e-01  -9.8961561e-01
   2.0000000e+00   5.8978874e-01  -1.9147097e+00   9.8128102e-01   1.2530650e+00  -1.4148479e+00   3.3291816e-02
   1.0000000e+00   9.8142931e-01  -1.5326790e+00   4.5913481e-02   7.4213122e-01   8.5540838e-01   1.3432335e+00
   2.0000000e+00  -5.6143967e-01   4.8696078e-01  -9.4205685e-02   6.0475410e-01   2.0719877e+00  -1.8064148e-01
   2.0000000e+00   3.2623946e-01  -1.8528558e+00   4.6736256e-01   2.5678973e-02  -2.1115468e+00  -9.3928759e-01
   2.0000000e+00   2.2789166e-01  -1.3775578e+00   2.9023341e-01  -8.8345632e-01   1.2735767e+00   1.3312688e-02
   2.0000000e+00  -9.9607394e-01   6.3272329e-01   1.7975329e+00   1.4384285e+00  -5.1591712e-01  -4.1881557e-01
   2.0000000e+00   3.1856181e-01  -2.8108108e+00  -3.2952973e-01  -1.3767243e+00   4.2912818e-01  -5.2659874e-01
   2.0000000e+00  -2.8648694e-01   5.4239673e-01   1.1466238e+00   1.0710324e+00   1.3213715e-01   9.6105480e-01
   2.0000000e+00  -6.9620186e-02  -3.0724483e-01   4.8992549e-01  -1.8573939e+00  -2.5182270e-01   1.1224417e+00
   2.0000000e+00   8.0225940e-01   1.5963499e-01  -1.4019061e+00  -3.0838606e-01   1.1112365e+00   9.3367502e-01
   2.0000000e+00  -1.5077188e+00   9.9111965e-01   2.3087593e-01   5.0278735e-02   1.1634349e+00  -3.2423899e-03
   2.0000000e+00   7.3824483e-01   5.8208844e-01  -1.3461525e+00  -1.8199749e-01   4.7949972e-01   7.4444191e-01
   2.0000000e+00   1.1086249e+00   4.9729557e-01   1.9038919e+00  -1.3533043e+00  -1.6753369e-01   2.8048225e+00
   2.0000000e+00  -1.6870251e+00  -1.1826915e+00   2.8292190e-01   1.1306430e-01  -7.6868038e-01  -5.7183018e-02
   1.0000000e+00   1.0757273e+00   1.5160017e+00  -5.9973489e-01  -9.1766322e-01   1.3229069e-01   5.1352739e-01
   2.0000000e+00  -5.7225737e-01  -7.0096417e-02   1.3781571e+00  -1.5386720e+00  -2.9434739e-02   7.8305264e-01
   2.0000000e+00   1.1448039e+00  -6.4781771e-01  -1.0163708e+00   1.4953380e-01   6.5895634e-01  -6.5074978e-01
   2.0000000e+00   1.0185028e+00   1.5677090e-01  -6.6365770e-01   1.2330981e+00  -5.5206534e-01  -5.0923229e-01
   2.0000000e+00  -2.1096552e+00  -2.2977477e-01   8.3738219e-01  -3.9528213e-01   9.9816860e-01  -1.1230423e+00
   2.0000000e+00   6.7993901e-01   6.8273577e-01  -1.4151869e+00  -3.4488609e-01  -4.1748696e-02  -2.7081952e-02
   1.0000000e+00  -1.0294700e+00  -1.5474610e+00   4.7796497e-01  -1.3295113e+00   6.9657717e-02  -1.2835470e+00
   2.0000000e+00   6.5567588e-01  -5.0891966e-01   1.4712438e+00   6.7614431e-01  -8.1244811e-01   1.3402802e+00
   2.0000000e+00  -1.0551854e+00   6.2715170e-01  -1.4732334e+00  -1.0171081e+00   4.7193651e-01  -1.7201995e-01
   2.0000000e+00   3.9747277e-01  -6.3481612e-01   3.9786314e-01   6.2716375e-02  -1.4550858e+00  -1.0497517e+00
   2.0000000e+00  -5.3788904e-01  -1.2850680e-02  -3.2118519e-01   1.3670233e-01  -6.2497193e-01   9.9515531e-01
   2.0000000e+00  -1.0546320e-01   5.1479759e-01   1.0000051e+00  -3.7914359e-01  -8.4190617e-01  -8.5712856e-01
   2.0000000e+00  -1.9273031e+00   6.2422647e-01  -1.5715737e+00  -1.5292716e-01   7.6152011e-01   3.3018669e+00
   2.0000000e+00   8.9547915e-01  -7.3898039e-01  -8.2564794e-01   1.3076193e+00   9.4974928e-01  -1.4650530e+00
   2.0000000e+00   1.7876415e+00  -9.8781394e-01  -1.2664961e+00  -1.9252964e+00   2.0732271e-01   6.6411011e-01
   2.0000000e+00  -4.7860181e-02   1.5780380e+00  -9.0414839e-01   4.5878697e-01  -1.1540129e+00  -1.8459902e-01
   2.0000000e+00  -3.8681329e-02  -6.1607774e-01   1.2261852e+00   2.2502726e+00  -5.6562418e-02   3.0934022e+00
   2.0000000e+00   1.1486708e+00   3.6534346e-01   6.1547119e-01  -2.0227536e+00  -1.9710798e+00  -1.4312962e+00
   2.0000000e+00   2.9989373e+00   8.2325630e-01   1.3874909e+00   7.5125273e-01   1.6126999e+00  -1.1511931e-01
   2.0000000e+00   6.6718667e-01  -4.7858851e-01   4.3443932e-02   3.4917899e-01  -3.3723292e-01   9.1476174e-01
   2.0000000e+00  -3.9663250e-01   6.0635380e-01  -8.9150854e-01   1.9365701e+00  -5.3240422e-01   7.6723073e-01
   2.0000000e+00   1.1872052e+00   8.0945379e-01   5.1092523e-01  -3.2116300e-01  -8.7334978e-01  -7.7951856e-02
   2.0000000e+00   1.2812605e-01  -1.2064381e+00   1.1431449e+00   1.0337863e+00   1.8942600e-01   8.4957229e-01
   2.0000000e+00  -8.1685196e-01   8.4124102e-01   7.5397017e-02  -1.1665102e+00  -7.3305182e-01   9.4056140e-01
   2.0000000e+00   3.7417300e-01   1.8681130e-02   2.1765676e+00   6.9881711e-01  -4.0557413e-01   1.0701097e+00
   2.0000000e+00  -9.5482344e-01   6.5485758e-01   5.3947511e-01   1.3555709e+00  -9.2105825e-01  -1.7631509e+00
   2.0000000e+00   7.4095461e-01  -7.1811776e-01  -1.2992799e-01   1.7968885e+00  -1.1029195e+00  -1.3319677e+00
   2.0000000e+00   2.5877738e-01  -6.7104575e-01   6.6982425e-01   2.7930827e-01   1.3790532e+00  -2.1232834e-01
   1.0000000e+00  -1.3992088e-01  -6.3828824e-01  -8.2648850e-02  -2.7050751e-01   1.3766175e-02  -5.2995574e-02
   2.0000000e+00  -2.1335677e+00  -1.2279661e+00   1.0021594e+00   2.4944687e-02   4.9851995e-01  -6.2995796e-01
   1.0000000e+00   8.3429363e-01  -7.4343423e-01  -1.4106527e-01  -5.1983840e-01   8.5504419e-01   1.2882292e+00
   2.0000000e+00  -4.8743584e-01  -8.1996268e-01   3.5569253e-01   1.3850387e+00  -4.4443135e-01  -9.6304402e-01
   2.0000000e+00  -3.5425656e-01   5.4746686e-01   4.2889442e-01   1.1626974e+00  -6.5369405e-01   2.7004658e-01
   2.0000000e+00  -6.0074750e-01   7.7849575e-01  -1.0193713e+00  -4.9206179e-01  -7.6089942e-01  -1.0200604e-01
   2.0000000e+00  -5.5008896e-01   5.3022856e-01  -5.0437928e-01   4.6915464e-02   1.9126248e+00   1.0403925e-01
   1.0000000e+00  -3.6271912e-01   5.8230076e-01  -2.6647291e-01   2.8045106e-01   8.5758072e-01   1.4396394e+00
   2.0000000e+00   1.6938148e+00  -5.6471385e-01  -1.0038440e+00  -1.3208713e+00  -1.3952180e-01  -3.0798934e-01
   2.0000000e+00   1.2825430e+00  -1.2614799e+00   1.5136882e+00   1.9460617e+00  -7.4195269e-01  -1.1206418e+00
   2.0000000e+00  -6.7928982e-02  -1.2203601e+00   9.9429860e-01  -1.1466224e+00  -5.4679777e-01  -8.2639998e-01
   1.0000000e+00   1.8468931e+00   7.1395798e-01   5.1524844e-01   2.5325260e-01   2.0215393e-02  -3.7817524e-01
   2.0000000e+00  -1.0793906e+00   1.6549845e-01   2.4828866e+00  -1.0742304e+00   7.2298873e-01   2.0151713e+00
   1.0000000e+00   3.7378662e-01  -5.7044501e-02   6.5715029e-01   1.4111168e+00   5.4659474e-01   1.1477160e+00
   2.0000000e+00   1.6970608e+00   1.5283920e+00   7.0865194e-01  -1.0066993e+00  -4.2352648e-01   8.1136221e-01
   2.0000000e+00   8.6319647e-01   7.2842528e-01  -8.9530492e-01  -2.8184628e-01  -4.9628165e-01   8.5352068e-01
   2.0000000e+00   2.4256728e-01  -1.1932267e+00  -6.4272897e-01   5.3637953e-01  -1.6179309e+00  -1.0317706e+00
   2.0000000e+00  -1.0984213e-01  -1.0120668e-01   6.4759160e-01   2.1622810e+00   7.6598344e-01  -1.0033992e-01
   2.0000000e+00  -4.8131066e-01  -8.8088236e-01   8.6990814e-01  -2.3496317e+00   6.3914128e-01   1.2876251e+00
   2.0000000e+00   2.9470690e-01   7.9010971e-01   9.1400594e-01  -9.4663911e-01   1.1055905e+00  -2.6992230e-01
   2.0000000e+00  -1.2382189e+00  -4.1060115e-01   5.2903849e-03  -7.1013873e-01   1.1429284e+00   1.0517860e+00
   2.0000000e+00   1.9535356e-02  -9.5068426e-01  -8.1907264e-01  -2.0622621e+00  -4.5154582e-01  -1.3356276e+00
   2.0000000e+00  -4.5519191e-02  -6.5758523e-01  -1.2917946e+00   1.1034671e-01   5.1163003e-01   3.5702351e-01
   2.0000000e+00   1.2080038e+00  -3.1581950e-01  -1.3172101e+00   1.9005908e-01   4.5768654e-01  -3.0566837e-01
   2.0000000e+00   7.4302893e-01  -4.7991537e-03  -1.5773128e-01  -8.1182807e-01   1.3259964e+00  -3.7329895e-01
   1.0000000e+00  -2.3608084e-01   5.4619453e-01   2.3215460e-01   3.8166213e-01   3.7133594e-01   1.2680872e+00
   1.0000000e+00   1.5541782e+00  -1.8333834e-02  -2.5090103e-01  -1.2159366e+00   2.1665454e-01  -5.5892454e-02
   2.0000000e+00  -1.8385860e+00  -1.3188237e+00  -9.0765955e-01   1.2909188e-01  -1.5025758e+00   9.2011995e-01
   2.0000000e+00  -2.6873505e-01  -7.0972260e-01   5.5767688e-01   1.0684184e+00  -1.1920327e+00   9.1279560e-01
   2.0000000e+00   2.8058647e+00   1.1487962e+00  -2.4411245e-01   1.0422594e+00  -3.3367843e-01  -5.2055556e-01
   2.0000000e+00   1.5505509e+00   2.0158014e+00  -1.2437502e-01   8.7556339e-01  -1.5658361e-01  -1.5014553e+00
   2.0000000e+00   3.2445655e-02  -9.5829430e-01  -1.1127117e-01  -5.3273869e-01   1.3095864e+00  -1.0962228e+00
   2.0000000e+00   6.1081832e-01  -2.7651259e-01  -1.8340169e-02   2.4224008e-02  -1.8028329e-01   6.3901081e-01
   2.0000000e+00   5.2809031e-01  -9.5017274e-01  -6.3048514e-01   3.9714204e-01  -2.2552733e-01  -4.6010797e-01
   2.0000000e+00  -1.0316055e+00  -2.1443583e-01   1.7351796e+00   6.0090619e-01   4.7141448e-01   1.2699454e+00
   2.0000000e+00  -3.9991514e-01  -4.1283318e-02  -1.0289942e+00  -7.5186385e-01   1.7219755e+00   1.2710628e-01
   2.0000000e+00   1.0719818e+00   7.6143983e-01   1.9372354e+00  -1.9768911e+00   7.5641359e-01   8.4250854e-01
   2.0000000e+00   1.7011350e+00  -6.8172829e-01  -1.4979682e+00   2.9950936e-01   8.0538967e-01  -5.0565505e-01
   2.0000000e+00   1.6420934e+00   7.0035675e-01   2.9848520e-01   8.0712234e-02  -1.0790056e+00   2.7016999e+00
   2.0000000e+00   1.4575662e+00  -6.6356740e-01  -3.3056804e-01  -1.3119123e+00  -1.6934992e+00  -6.5905935e-01
   2.0000000e+00   1.6900142e+00   1.6982523e+00  -6.4665083e-01   5.8915042e-01  -1.1524620e+00   9.8607788e-02
   2.0000000e+00   5.6762042e-01  -1.0760150e+00   9.9757137e-01  -4.6925809e-01  -2.4682343e+00  -2.1991185e+00
   2.0000000e+00  -2.9815650e-01  -1.3403333e+00  -1.3784411e+00   1.0081768e+00  -2.9753740e-01  -1.9111180e+00
   2.0000000e+00  -3.9840724e-01  -1.7313224e-01  -1.0330998e-01   3.6684848e-01  -5.6041054e-01   9.9782422e-01
   1.0000000e+00  -1.4224223e-01  -1.5019891e+00  -1.5678161e-01  -3.2343352e-01   8.5958666e-01   9.3781941e-01
   2.0000000e+00  -7.6006181e-01   1.1661998e+00   1.5235421e+00   1.4135051e+00   1.0360919e+00  -9.8061435e-01
   2.0000000e+00   2.0763976e+00  -1.5517948e+00  -1.6086815e+00  -2.9890887e-01   1.4992443e-01  -4.9395233e-01
   2.0000000e+00   3.8213373e-01   2.5168918e+00  -3.6870466e-01  -4.2422615e-01   8.4337683e-01  -1.0968898e+00
   2.0000000e+00  -1.9078557e+00   9.5009100e-01  -1.4590734e+00   2.5568971e-01  -8.7806271e-01   1.0979437e+00
   2.0000000e+00   2.1495703e+00  -2.1244824e+00  -7.2432729e-02  -3.1069184e-02   3.9879391e-01  -5.2792972e-01
   2.0000000e+00  -1.2134189e+00  -3.6089205e-01  -7.8604978e-01  -2.6303679e-01  -1.7922524e+00   1.1395498e-01
   2.0000000e+00   1.2704890e+00   1.4326157e+00  -2.2235074e-01  -1.9054835e+00  -1.2798793e+00  -1.0660579e+00
   2.0000000e+00   5.0982481e-01  -9.6178680e-01  -3.2222452e-01   1.9887238e+00  -1.3916979e+00  -1.1012895e+00
   2.0000000e+00  -4.9322330e-01  -1.2105457e+00  -7.2525734e-01  -8.0478981e-02  -8.9202811e-01  -2.4399286e-01
   1.0000000e+00   1.4188270e+00  -8.2210467e-01  -2.5471881e-01  -2.1010128e+00   1.9920624e-01   1.1302095e+00
   2.0000000e+00   1.0379550e-01  -4.7721220e-01   9.8888484e-01   3.6813982e-01  -2.8627122e+00   4.3833654e-01
   2.0000000e+00   1.0195038e-01  -1.4330872e+00   6.9725489e-01  -2.2960169e+00   1.3639356e+00   3.8885568e-01
   2.0000000e+00  -7.3522925e-01   5.4524167e-01   3.3897821e-01  -3.6446062e-01   1.4032403e+00   8.2405127e-01
   2.0000000e+00   2.8150650e+00   2.0601611e+00  -9.7973239e-01  -3.0883819e-01   1.1361141e+00   7.6130663e-02
   2.0000000e+00  -5.7862989e-02  -4.7889847e-01  -1.6168368e+00  -1.2800727e-01   2.6870896e-01  -4.6145245e-01
   2.0000000e+00   2.0115975e-01  -1.0858437e+00  -3.4268219e+00  -8.5200676e-01  -1.0484434e-01  -1.6019512e+00
   2.0000000e+00  -9.8718227e-01  -1.1590967e+00   3.6605050e-01   6.0294273e-02  -1.0637683e+00   8.8595223e-02
   2.0000000e+00  -1.2048518e+00  -7.3807079e-01   1.0194507e+00  -2.6962376e-01  -5.5910817e-01   8.0894731e-02
   1.0000000e+00   4.5743284e-02   8.3505125e-01  -1.3185505e-01  -1.0306827e+00   2.6463599e-01   1.6341841e-01
   1.0000000e+00  -1.4736946e-01  -4.4278172e-01   7.1219365e-01   1.2606966e+00   6.2971334e-01   8.4422840e-01
   2.0000000e+00   1.5946051e+00  -6.6602402e-02   4.0497096e-01   9.8715000e-02  -1.0497412e-01   9.0817368e-01
   2.0000000e+00   1.4115401e+00  -5.0505866e-01   8.9836953e-01   9.4966773e-01  -2.9040477e-01   1.6499265e+00
   1.0000000e+00   2.0294700e+00   2.1444906e-01  -3.5067810e-01  -7.3404846e-01   1.7763870e-01   1.2922527e+00
   2.0000000e+00   4.6293541e-01   7.7132108e-01  -1.3172602e+00  -6.0464932e-01   8.5810119e-01  -1.0635298e+00
   2.0000000e+00  -6.6333074e-01   7.6023422e-01  -6.2823114e-01  -1.0203048e+00  -5.9785850e-01   5.7296044e-01
   2.0000000e+00  -2.0008221e+00   7.9115376e-01  -1.8550676e+00   7.2421961e-01  -5.0314983e-02   2.4541122e+00
   2.0000000e+00  -1.5579627e+00  -2.7597370e-01   8.9342479e-02  -1.2412270e+00  -1.0313116e+00  -2.2128452e-01
   2.0000000e+00  -3.0286022e-01  -2.1815839e+00   2.7324478e-02  -8.0663419e-01   9.3763888e-01   3.6008013e-01
   1.0000000e+00   2.7375570e-01   1.2364837e+00  -5.5564609e-01   1.0091289e+00   4.6329008e-01  -5.5946070e-01
   1.0000000e+00   8.5579065e-01   7.3035752e-01  -2.7445523e-01   1.2283057e-01   2.3478063e-01   2.1145387e-02
   2.0000000e+00   2.6208830e-01   5.2626970e-01   7.3653224e-01  -1.3916508e+00  -5.0271752e-01   8.0388817e-01
   2.0000000e+00   1.3088937e+00   2.0996775e+00  -2.4663773e+00   1.2052295e+00   1.6682970e+00   5.3206592e-01
   2.0000000e+00  -6.9192923e-01   2.7580617e+00   1.8589592e+00   6.2229525e-01   8.0690666e-01   2.0894626e-02
   2.0000000e+00  -4.0470898e-01  -3.7416748e-02  -2.5342902e-02  -1.0106974e-01  -8.4512464e-01  -4.6916271e-01
   2.0000000e+00  -5.6890891e-01   4.6162407e-01  -5.3381762e-01   1.6244163e+00  -8.8036199e-01   1.1094095e+00
   2.0000000e+00   1.3525827e-01  -4.0962391e-02   3.1084503e-01   1.1855440e-01   1.0950616e+00   2.1242785e-01
   2.0000000e+00   7.1121068e-01  -4.6653784e-01  -7.9292429e-02  -2.2785859e-01  -4.0031443e-01  -8.3577272e-01
   2.0000000e+00  -1.9864201e-01  -4.4886014e-01  -9.8300901e-01  -9.8412254e-01  -1.9907154e-01  -9.9556183e-01
   2.0000000e+00   1.0640138e+00  -8.9202158e-02  -7.5562451e-02   6.2225137e-01  -7.7735262e-01  -4.3078950e-01
   2.0000000e+00   3.3003615e-01   3.3561271e-01  -9.3550183e-01  -6.2639757e-02   4.8102175e-01  -1.7548523e+00
   2.0000000e+00   1.3206871e+00  -1.0485849e+00   5.4541332e-01  -6.2409068e-01  -4.9013660e-01   1.0465599e+00
   2.0000000e+00  -1.1256461e+00  -9.4119408e-01   1.9164378e+00   2.5025502e-01  -4.6844993e-01  -2.1502985e-02
   2.0000000e+00   1.8519736e+00  -4.9249352e-01   3.8781907e-01  -4.6293412e-02   2.2126280e+00   4.3340627e-01
   2.0000000e+00   7.4145929e-01  -6.9044849e-01  -2.0346885e+00  -1.4404225e+00   1.4007499e+00   8.5212266e-01
   2.0000000e+00  -1.5360168e+00   7.9340502e-01  -1.2568769e+00   5.8159245e-01   1.2595189e+00   1.0738159e-02
   2.0000000e+00  -2.5842074e-02  -2.3243593e-01   1.3297187e+00   3.1101807e-01  -4.7442024e-02  -2.0398353e-01
   2.0000000e+00  -1.2606582e+00   1.3540545e+00   1.6150410e-01   8.9070017e-02  -5.9671899e-01   2.7515562e+00
   2.0000000e+00  -3.8793802e-01  -7.8403036e-01   2.0319721e+00  -1.3179995e+00  -1.1397428e+00  -2.8999255e-01
   2.0000000e+00  -2.1575172e-01  -8.3368298e-01   2.3872708e+00  -1.7020304e-01   1.3539223e-02   2.7959562e-01
   1.0000000e+00   1.1088161e+00  -6.5025655e-01  -2.8910679e-01  -3.1820575e-01   2.3691315e-01  -8.0316834e-01
   2.0000000e+00   5.0009195e-01   6.4801327e-01   2.2505013e-02   4.0879720e-01  -8.0669163e-01  -6.4961316e-01
   2.0000000e+00  -1.5207781e+00   2.9919621e-01   4.8896541e-01   1.3721544e+00  -1.8560985e+00  -1.1965094e+00
   2.0000000e+00  -8.0418049e-02  -2.4384272e-01   1.7885267e+00   6.7768280e-02  -9.6357442e-01   8.3504535e-01
   2.0000000e+00  -3.8963041e-02  -9.6607142e-01   1.0974349e+00   1.0052337e+00  -8.5112372e-01   1.0377699e+00
   2.0000000e+00  -1.7164535e+00  -1.5287481e+00  -1.4874758e+00   1.6608922e+00   6.4979654e-01   7.4177149e-01
   2.0000000e+00   8.6299938e-01  -8.6612769e-01   6.3465308e-01   2.2634139e-01  -8.7693124e-01  -9.9119056e-01
   1.0000000e+00   6.6289542e-01   8.9455864e-01   2.8259126e-01  -3.9884330e-01   2.7825704e-01  -8.2063288e-01
   2.0000000e+00   2.0559888e+00  -6.5349789e-01  -1.1432908e+00   2.8982469e-01  -5.0100539e-01  -4.9341598e-01
   2.0000000e+00  -8.6237179e-01  -1.6405214e+00   7.8045333e-01   1.0307286e+00  -3.5653903e-01  -6.4727944e-01
   2.0000000e+00  -1.1898488e+00   1.1291745e-01   9.8751536e-01   9.5099767e-01  -8.4168333e-01  -6.2131924e-01
   2.0000000e+00  -1.1710582e+00  -6.9123525e-01   2.0694304e+00  -8.1425784e-01  -7.7916713e-01  -6.4716275e-01
   2.0000000e+00   1.1129127e-01   8.3017230e-01   1.6147174e+00  -4.4422348e-01  -1.8306802e-01   1.2212941e+00
   2.0000000e+00  -7.2210239e-01   2.2809488e+00   7.7566614e-01  -6.9800585e-02   1.2588210e+00   5.3000941e-01
   2.0000000e+00  -2.9734926e-01  -1.2384007e-01   9.7656723e-01  -3.7933850e-01  -2.3336699e-01   7.8557886e-01
   2.0000000e+00  -2.9606417e-01   9.8372366e-01   6.7234720e-01   1.0536974e+00   1.4967802e+00   2.5662031e-02
   1.0000000e+00   3.5168453e-01   7.5625680e-01  -7.4187351e-02   1.6652400e-01   6.4539063e-01   7.9686375e-01
   2.0000000e+00  -2.4694044e-01   1.9402246e+00  -4.9630446e-01   3.3375336e-02  -2.3160272e+00   9.0815596e-01
   2.0000000e+00  -5.4512510e-01  -1.9829892e+00   6.4423221e-01  -1.9785466e-01   4.2517522e-01   1.5326809e+00
   2.0000000e+00   2.8120569e-01  -4.2268207e-01  -6.2257422e-01  -2.0213377e+00  -1.4210102e-01   8.1646338e-01
   2.0000000e+00   5.1645262e-01  -9.8459457e-01   1.2127839e+00   2.9085431e-01  -2.1740716e-01  -1.0424412e+00
   1.0000000e+00   3.5765498e-02  -1.0211988e+00   1.9974392e-01   7.4007394e-01   7.4206510e-01   1.6591722e+00
   2.0000000e+00  -8.7321935e-01  -7.9716089e-01   6.7787795e-03  -5.9312344e-01  -3.9064207e-01   1.2385562e+00
   1.0000000e+00  -1.4051153e+00  -9.4336835e-01  -1.9585137e-01  -1.1421670e+00   3.3025752e-01   1.0323772e+00
   2.0000000e+00   8.6067520e-01  -2.1490552e+00  -5.6569626e-01   1.7098162e-01   1.0145729e+00  -1.0835417e+00
   2.0000000e+00   1.3305892e+00  -8.7368957e-01  -5.6559283e-01   4.5833995e-01  -6.6411251e-01  -4.8227632e-01
   2.0000000e+00  -1.1600205e+00  -1.8326512e-01  -4.4749072e-02   9.3040394e-02   1.7620046e+00  -1.1177778e+00
   2.0000000e+00   1.2063010e-01   5.8127337e-01  -3.3090134e-01   1.2999150e+00   9.9361135e-01  -3.4152264e-01
   2.0000000e+00  -9.9504735e-01   1.8316155e-01   3.9022650e-01   4.2744003e-01  -9.7680646e-01   2.7495248e-02
   2.0000000e+00  -3.8190231e-01  -2.7961535e-01   1.2730899e+00  -4.0744199e-01  -2.0856002e-02   2.5307568e-01
   2.0000000e+00  -1.2665619e+00  -5.9201141e-01   7.5974612e-01  -1.0590397e+00  -9.0480321e-01  -2.0188449e+00
   1.0000000e+00  -5.4133349e-01  -3.9704960e-01   2.1146171e-01   4.2006822e-01   9.5825820e-01   1.3761312e-01
   1.0000000e+00   2.4094176e-01  -4.5505424e-01  -2.3507567e-01   1.0753460e+00   3.6611689e-02  -3.2446910e-01
   2.0000000e+00   9.9396271e-01  -1.9077397e+00   3.9278517e-01  -9.7050748e-01  -4.3311608e-01   1.4167313e+00
   2.0000000e+00  -1.3284885e-01   9.9894637e-02  -3.5585755e-01  -7.8704579e-01  -1.4178858e-01  -1.4800224e+00
   2.0000000e+00  -7.7483928e-01  -6.3087913e-01   7.6214066e-01   2.0829250e+00  -1.7641370e+00  -1.7096747e+00
   1.0000000e+00  -7.2588234e-01  -1.1201250e-01  -2.2267456e-02   2.0425204e+00   8.7413282e-01   6.4255013e-01
