   2.0000000e+00  -3.6912327e-01   6.5795002e-01  -2.7024816e-01  -1.4942171e+00  -2.7895952e-01   1.6740610e+00
   2.0000000e+00  -1.1909540e+00  -4.3010070e-01  -1.6007625e-01  -5.0564974e-01   1.6252738e+00   4.5256925e-01
   2.0000000e+00  -8.5053608e-01  -1.8774353e+00  -2.4797244e-01   7.2005470e-02   4.6899995e-01  -1.6185760e+00
   1.0000000e+00   8.4075275e-01  -5.3925958e-01   6.0901384e-01   1.4176509e+00   1.1873961e+00  -8.2703239e-01
   2.0000000e+00  -2.8032131e-01  -2.4240224e-01  -1.7133711e+00   6.2010484e-01  -9.2160044e-01  -1.0070999e+00
   2.0000000e+00   8.0800553e-01   8.0013657e-01   5.3257474e-01   4.6415693e-01  -8.5008184e-01   4.7252677e-01
   2.0000000e+00   5.2075704e-02  -1.1912433e+00  -7.8290692e-02   1.1167355e-01   1.4083382e-01   7.6648325e-01
   2.0000000e+00  -5.4683244e-01  -1.5644851e+00  -1.9431680e+00   4.2195024e-03  -7.2465007e-01   2.0455767e-01
   2.0000000e+00   7.1067072e-01  -2.1758575e+00   1.1606698e-01  -3.7092620e-01   1.0216261e+00  -8.3716785e-01
   2.0000000e+00  -7.8065911e-01  -5.1518735e-01   1.5929304e+00   2.0324900e-01   4.5272673e-01  -3.4928339e-01
   2.0000000e+00  -5.5605052e-02   5.1939720e-01  -3.3685432e-01  -5.1840104e-01  -1.0010308e+00   2.4710853e+00
   2.0000000e+00   1.9219947e+00   8.5195277e-02   9.1364503e-01   5.3046563e-01  -1.0188519e+00   9.4021232e-01
   2.0000000e+00  -2.5201567e+00   5.1119066e-01  -1.9958271e+00  -7.0059864e-01  -1.3168685e-01  -2.1384048e+00
   2.0000000e+00  -7.8618170e-01   5.2976432e-01  -2.3102927e-01  -8.0725930e-01  -2.2139822e-01  -1.4878653e-01
   2.0000000e+00   2.3364102e-01  -1.2753810e+00  -1.2157776e+00   8.3219216e-01   1.3666689e+00   1.1928642e+00
   2.0000000e+00   6.8957261e-01   1.7232912e+00  -1.1935914e+00  -6.2633510e-01  -4.0474587e-01  -2.2218367e-01
   2.0000000e+00   7.8659953e-01   9.5081452e-01   6.3087287e-01   1.5208740e-02   1.6491177e-01   1.9167519e-01
   2.0000000e+00  -6.6213647e-01  -1.0197102e+00  -4.0411452e-01  -8.1384259e-01   2.2807539e-01   9.9066406e-01
   1.0000000e+00   1.6534961e-01   2.9064516e-01   8.7968319e-01   1.7424258e+00   8.5392954e-01   8.4692963e-01
   2.0000000e+00  -3.9437750e-01  -1.2432393e+00   3.5623846e-01  -7.5951248e-01   4.5326385e-01   1.9950486e+00
   2.0000000e+00  -2.5375350e-01  -2.1526622e+00  -1.7125775e+00  -1.3943640e+00   1.6627930e-01   1.7783734e+00
   2.0000000e+00   3.3955165e-01  -1.3125249e+00   3.4277502e-01  -6.6760473e-01  -2.9689853e-01  -1.1753202e-01
   2.0000000e+00  -5.0117077e-01   1.9614533e-01  -4.1705227e-01  -1.0475675e+00  -1.0597759e+00   4.7081983e-01
   2.0000000e+00  -9.2392400e-01   2.1957181e-02   1.8687559e+00  -1.0466827e+00   1.7157284e+00  -2.8485949e+00
   2.0000000e+00   4.0175621e-01   1.3781360e+00  -5.6747623e-01   8.1331498e-01  -9.7635486e-01   9.5282726e-01
   2.0000000e+00  -1.9882009e-01  -1.8585227e+00  -5.0551256e-01   6.7036067e-01  -2.2720176e-01   9.9695197e-01
   2.0000000e+00  -1.3125551e+00   2.6103182e-01  -2.1651652e+00  -8.8474795e-01  -8.1207809e-01   5.7469862e-02
   2.0000000e+00  -5.9779912e-01   7.2234822e-01  -2.4354408e-01   5.0932796e-01  -1.4322845e+00  -6.4839360e-01
   2.0000000e+00  -6.6111238e-01   6.0072764e-01  -6.3806217e-01  -8.0830009e-01  -1.4754497e+00   7.1671175e-01
   2.0000000e+00   2.8455161e+00  -3.3552223e-01  -8.0896683e-01  -1.1214661e+00  -7.9855901e-01   1.0360418e-02
   2.0000000e+00  -1.2696945e-01   1.1335110e-01   1.0823998e+00   7.5888866e-01  -1.6960793e-01   4.6467017e-01
   2.0000000e+00  -4.1714253e-02  -3.4176399e-01   7.5826087e-01   1.1839244e+00  -1.5670457e+00  -3.6047180e-01
   1.0000000e+00   6.1415134e-02   5.2227059e-01  -9.2851502e-01   6.2647667e-01  -8.9743593e-01   3.9536679e-01
   2.0000000e+00  -7.5555255e-01  -8.8283318e-01  -2.2902740e-01  -1.1703332e+00   3.7641050e-01   7.5484584e-02
   2.0000000e+00  -1.9271644e+00   1.9239219e+00   1.0289578e+00  -2.1678432e+00   5.0834188e-02  -7.9923525e-02
   2.0000000e+00   2.2734519e-01  -1.1643309e+00   4.2864342e-02   9.6206216e-01   9.8212852e-01   1.2262980e+00
   2.0000000e+00  -1.4130221e+00   5.8825738e-01   2.0443895e-01   3.6914905e-01   1.4607143e-01  -7.7099039e-01
   2.0000000e+00   1.0557307e+00  -7.0890102e-01   1.8948984e-01  -4.3739123e-01   8.6501437e-02  -2.7233470e-01
   2.0000000e+00  -1.6811891e-01   7.0408401e-01  -7.0743102e-01   5.8524426e-01  -6.8526652e-02   1.2858581e+00
   1.0000000e+00   3.8691022e-04  -6.9507945e-01  -5.9280525e-01  -8.8747672e-01   8.7336189e-01   1.7735954e-01
   2.0000000e+00   1.1806294e+00  -4.2628680e-01   1.5846912e+00   4.2862529e-01   1.6319993e+00   5.9222128e-02
   2.0000000e+00   2.5556420e-01  -1.3475679e+00   2.5559861e-01   5.8894235e-05   5.7307171e-01   1.4525442e+00
   2.0000000e+00  -3.6829147e-01  -7.4438376e-01   6.8879381e-02   2.3127034e-01   1.6924205e+00   1.0751589e+00
   2.0000000e+00   3.6225261e-01  -1.2357377e+00  -1.5939852e+00   8.9707627e-01   4.5205671e-02  -7.2554332e-01
   2.0000000e+00  -9.1540531e-02  -6.9655912e-01   1.1146415e+00   1.3138019e-01   1.8078888e+00  -1.8151303e-01
   2.0000000e+00   6.6473315e-01  -1.0882698e+00  -2.9677061e-01   1.2796258e+00  -8.5446021e-01   4.6211209e-01
   2.0000000e+00   1.6328650e+00  -8.5219519e-01  -8.9625608e-01   3.9302247e-01  -1.3437033e+00  -8.2749571e-01
   2.0000000e+00  -1.5445438e-01   5.7138811e-01   1.7686300e+00  -2.0285573e+00  -3.6736726e-01  -2.1150442e-01
   2.0000000e+00   1.0694531e+00   1.1542093e-01   1.6358145e+00  -2.5895819e-01   1.1663937e+00   6.9653651e-01
   2.0000000e+00   1.0043439e+00  -1.8683315e+00  -8.1934408e-01   4.3100662e-01  -6.4185486e-01  -6.8282537e-01
   2.0000000e+00   1.2492284e+00  -1.2645144e+00   1.0739526e+00   1.5748286e+00   9.4955329e-02  -2.2381604e+00
   2.0000000e+00   1.7453539e+00   3.2876083e-01  -2.9762839e-01  -6.8805383e-01   2.0332197e-01  -1.1341665e+00
   2.0000000e+00   1.0069278e+00   1.4868908e+00   3.3663248e-01   8.4091406e-01  -1.1793771e+00   7.3575328e-01
   2.0000000e+00   1.7247827e+00   3.7477118e-01  -9.9940013e-02  -1.5089922e+00   2.4039769e-01   1.0989802e+00
   2.0000000e+00  -9.0039982e-01  -7.8837372e-01  -7.9860199e-01  -2.0897590e-01  -8.7486606e-01  -6.8486322e-01
   2.0000000e+00   1.1932263e+00   4.8645895e-01   7.3034114e-02  -2.4162729e-01   1.7129398e-01  -1.3864244e+00
   1.0000000e+00   8.0947672e-02  -7.8918042e-01   1.2326476e+00  -1.5847977e-01  -2.3572202e-01  -4.5745803e-01
   2.0000000e+00   2.1132691e+00  -1.2013714e+00   2.0757240e+00  -1.0607647e-01   5.4737235e-02  -7.3701595e-01
   2.0000000e+00  -5.5052208e-01  -1.3647791e-01   2.2223632e+00   1.7348871e-02   8.5033117e-01   7.6796145e-01
   2.0000000e+00  -1.6630395e+00   1.0836819e+00  -7.6496966e-01   8.8593290e-01  -1.2783648e+00  -7.9948673e-01
   2.0000000e+00  -1.9490516e-01   2.6537782e+00  -2.1691943e-01  -1.9804495e+00   1.6834410e-01   3.1424694e-01
   2.0000000e+00   1.4483751e+00   1.0927947e+00  -1.3924982e+00  -1.3226443e+00   8.6307225e-01  -1.4503614e+00
   2.0000000e+00   1.1945666e+00  -9.7554123e-01   7.7043509e-01   6.6861781e-01  -2.0003178e-01  -9.4693090e-01
   1.0000000e+00   3.4196070e-01   2.0267947e-02  -7.7704703e-01  -5.4162686e-01  -4.3838254e-01  -1.5510459e-01
   2.0000000e+00   3.8790691e-01  -1.6232712e+00  -1.5227707e+00  -1.5267566e+00  -3.9322547e-01   1.6921196e+00
   1.0000000e+00   1.9036354e-01  -7.6918131e-01   6.9055833e-01   1.1262413e+00   1.4099457e+00  -3.8878987e-01
   2.0000000e+00   1.8899483e+00   1.8435862e+00   5.9001691e-02  -8.0364789e-01  -1.5680861e+00   1.5834996e-01
   1.0000000e+00   9.6144368e-02   7.4925784e-01   1.6885237e+00  -1.5745698e+00  -8.7441411e-01  -3.0663762e-01
   1.0000000e+00   2.3929349e-01  -8.5956442e-01  -1.2490894e+00   2.8348747e-01   1.1286642e+00   6.1028648e-01
   2.0000000e+00   1.3050204e+00  -2.4344218e-01  -1.4897849e+00  -1.5807739e+00   1.2158660e+00   8.5239925e-01
   1.0000000e+00   3.2315646e-01   5.3415122e-01  -5.5087864e-01  -9.3712972e-01  -9.3625945e-01  -2.9967290e-01
   1.0000000e+00   3.1688403e-02  -2.1574550e-01  -3.4755592e-01   1.0318347e+00  -2.0796096e+00   8.3106748e-01
   2.0000000e+00  -1.4480555e+00   3.0870184e-01   5.6909857e-02  -3.8822198e-01  -2.7784265e-01  -2.0872717e-01
   2.0000000e+00  -9.4606623e-01  -1.6568825e+00  -1.7036109e+00  -1.1942055e+00  -6.6831279e-01   1.2814090e-02
   2.0000000e+00  -6.9135112e-01  -3.3823859e-01  -1.3528452e-01   1.7778514e-01  -1.4532075e+00  -9.4000935e-01
   2.0000000e+00   2.1875590e+00   1.4610420e+00  -1.0473904e+00  -5.7540985e-02   4.9997223e-01   9.4096072e-01
   1.0000000e+00   4.0007919e-01   1.4736074e-02   7.3095616e-01   9.5564590e-01  -4.7417669e-01  -5.3086477e-01
   2.0000000e+00  -1.4383250e-01   1.0158169e+00  -5.3966023e-01   1.0861726e+00  -5.6846246e-01   1.0671141e+00
   2.0000000e+00   1.3182934e+00  -2.0769651e+00  -1.7048719e+00  -1.0296602e+00   1.6089010e+00  -2.3509342e+00
   2.0000000e+00  -8.5263878e-01   1.4658239e+00  -2.0679113e-01  -2.1059887e-01  -8.9179392e-03  -6.0967342e-01
   2.0000000e+00  -6.8708149e-01  -6.1286669e-01  -7.4715564e-01  -6.4309893e-01   1.2281624e+00   5.2831060e-01
   1.0000000e+00   2.9052438e-01   4.6711370e-01  -1.3544358e-02   1.2196187e+00  -1.6094742e-01   1.8725873e+00
   2.0000000e+00  -3.2130463e-01   1.0977276e+00  -1.3685776e+00  -1.5162965e-01  -1.7780563e-01  -9.3387789e-01
   2.0000000e+00  -1.3137396e+00  -7.2374028e-02  -2.0142812e+00  -9.9325271e-02   1.8101283e-01   2.6231077e-01
   2.0000000e+00   1.1705349e+00  -4.6287388e-01  -2.9640699e-01   1.1037510e+00   2.9186073e+00   1.5051925e-01
   2.0000000e+00  -1.3422352e-01   6.4509253e-01   3.1449370e-01  -8.7417633e-01   7.7070337e-01  -1.8395692e-01
   2.0000000e+00  -4.2687927e-01   2.9818514e-01  -1.1749650e-01  -8.2207485e-01   1.8969651e-01  -1.6466312e+00
   1.0000000e+00   1.3144924e-02  -2.9601366e-01   1.7226950e+00  -3.0811875e-01  -5.7752185e-01   7.5604484e-02
   2.0000000e+00   1.8461795e+00   1.1648855e+00  -6.3042847e-01   3.2497743e-01   2.6235066e+00  -4.0228072e-01
   2.0000000e+00   8.8886230e-01   1.4517187e+00   4.3194166e-01   3.4770440e-01   5.0607583e-01  -2.3828447e-01
   2.0000000e+00  -8.0736291e-02  -4.1589739e-01   1.1739994e-01  -8.7468046e-01   4.0485375e-01  -4.6735628e-01
   1.0000000e+00   6.7220224e-01   9.9128644e-02  -6.2094855e-01   6.1925226e-01  -1.0748291e+00  -8.9377451e-01
   2.0000000e+00  -2.2431128e+00   3.9663605e-01   4.9611599e-01  -8.3356603e-01  -3.8484261e-01   3.0396464e-01
   2.0000000e+00   1.1339327e-01   1.0511269e+00  -4.1808022e-01  -7.6209220e-01  -1.8120204e+00   5.5157121e-01
   2.0000000e+00  -4.1581660e-01  -8.4458494e-01  -1.1856295e+00   4.3838030e-01   3.6347711e-01  -1.3901646e+00
   2.0000000e+00  -4.5160190e-01  -5.8446864e-01   3.7801823e-01   2.6066127e+00   1.7846703e+00   1.3166709e+00
   2.0000000e+00  -8.3421195e-02  -6.2928274e-01  -3.4346793e-01  -2.2732695e+00   8.1255051e-01  -8.5249483e-02
   2.0000000e+00   1.1664142e+00   5.2478355e-01  -1.3607257e+00  -1.0354548e+00  -8.6847857e-01  -4.2560887e-01
   2.0000000e+00  -2.1100335e+00  -7.3408461e-02  -8.9265034e-01  -1.7715124e+00  -2.0078270e-01   4.4529411e-01
   2.0000000e+00  -4.1144671e-01  -8.6953569e-01  -1.5820626e-01  -1.3284266e+00   1.0229944e+00   8.0685101e-01
   2.0000000e+00  -7.7459989e-02  -6.8224117e-01   8.9624991e-01   2.0702336e+00   1.6922123e+00  -4.3860255e-01
   1.0000000e+00   4.1186735e-01  -3.5204858e-01   9.1042364e-01  -1.2231252e+00  -5.2537385e-02  -6.3254510e-01
   2.0000000e+00   9.1355389e-01  -4.1338345e-01  -1.2044700e+00  -6.3617702e-01  -1.9219029e+00   3.9091035e-01
   1.0000000e+00   1.0739811e-01   4.6983694e-01  -5.5006256e-01  -1.1425556e+00   6.3431500e-01  -5.1795389e-01
   2.0000000e+00  -1.1693416e+00  -9.4561815e-01  -1.3324622e+00  -5.3426071e-01   2.2581179e+00   2.7606118e-01
   1.0000000e+00   7.2007735e-01  -1.3978793e-01  -5.1466157e-01   1.0857493e+00   7.7647314e-01   2.1686513e+00
   2.0000000e+00   1.1762261e+00  -7.0512736e-02   2.5973702e-01   7.7582083e-01  -4.4521081e-02   8.1119572e-01
   2.0000000e+00   4.2746467e-01  -3.1289887e-01   8.5785224e-01  -2.0593931e+00   8.7682078e-01   1.7140137e-01
   2.0000000e+00   1.4375808e+00  -7.1992388e-01   1.4136854e+00   1.4220892e-02   1.6227987e+00   7.3073321e-01
   2.0000000e+00   5.8810379e-01  -1.7454885e+00   4.6553549e-01  -2.5963307e-01   5.4295916e-01   9.2148136e-01
   2.0000000e+00   1.3434258e-01   2.0302911e+00   1.8282719e-01   2.1259912e+00  -1.0804046e+00   8.2820519e-01
   2.0000000e+00  -1.0749596e-01   3.7950568e-01  -2.0702020e+00   3.1607071e-01  -8.6177819e-01  -7.2597522e-01
   1.0000000e+00   1.0983174e-01  -1.2579336e-01  -3.5747013e-01   1.3941382e-01   2.8866747e-01   2.0471740e-01
   2.0000000e+00   3.1055983e-01  -1.5660283e+00   1.0477592e+00   3.7872819e-01  -1.0576465e+00   9.7500213e-01
   1.0000000e+00   4.2326841e-02   3.8888503e-01  -6.6592414e-01  -3.8859443e-01  -8.5976120e-01  -3.6838637e-01
   2.0000000e+00  -1.0908495e+00  -3.4746898e+00  -2.3014359e-01  -1.2339765e+00   8.4152537e-01   6.4903839e-02
   2.0000000e+00   1.2148681e+00   5.6476303e-01   7.3394606e-02   2.0314756e+00   1.5834516e+00   1.3261457e-03
   2.0000000e+00   1.4296064e-01   1.0607181e+00   2.2813031e-01  -1.8754495e-01   4.9318129e-01   7.5443154e-01
   2.0000000e+00  -5.6556586e-02  -1.3346029e+00   7.9241428e-01   1.4812246e+00   1.5020878e+00   6.3240296e-01
   2.0000000e+00   6.8651889e-01  -2.1320531e+00  -4.6416445e-01  -9.8292273e-01  -4.2824175e-01  -1.8698519e-01
   2.0000000e+00   2.0020326e-01   1.6825140e+00  -3.3626215e-01   3.5410847e-01   1.2168722e+00   4.1643023e-01
   2.0000000e+00  -5.9565490e-01   3.5101388e-01   2.1057064e+00  -3.7259966e-01  -7.7281679e-01   1.7106751e+00
   1.0000000e+00   8.9806537e-01   4.1509474e-01  -5.6231537e-01  -4.1404782e-01  -5.1819706e-01  -5.0466187e-01
   1.0000000e+00   3.2156986e-01  -4.7689650e-01   2.3702705e-01  -9.0523311e-01   5.6644056e-01   1.2137736e+00
   2.0000000e+00  -1.0727379e-01  -3.9359039e-01  -1.7330776e+00  -1.4215694e+00  -1.9308109e+00  -4.2033540e-01
   2.0000000e+00   5.3321652e-01  -1.0687128e+00   5.0521471e-01  -5.1067178e-01   1.0697867e+00   1.9810561e+00
   2.0000000e+00   1.2416252e+00  -1.6527447e+00   4.7772992e-01   5.8013680e-01  -1.2083335e+00  -1.2554604e+00
   1.0000000e+00   1.1096645e-01   9.5562353e-01   5.0077462e-01   7.2446064e-01   2.0793291e-01   1.2427414e-01
   2.0000000e+00   7.9041297e-01   2.0644729e+00   5.7667886e-01   1.9380906e+00  -3.0735190e-01  -4.3458810e-01
   2.0000000e+00   5.6518716e-01   8.9271313e-01  -1.3201107e+00   2.7112713e+00   6.5041158e-03  -2.0413356e+00
   1.0000000e+00   4.3240450e-01   5.5447041e-01  -8.6145060e-01  -1.0223593e+00   9.6467942e-02   2.1936553e-01
   2.0000000e+00  -1.8543669e+00  -1.2011119e+00   2.5910887e-01  -1.1948245e+00  -7.0650820e-01   7.2920759e-01
   1.0000000e+00   4.0974307e-01   6.1133239e-01  -1.1663669e+00   7.6327947e-01   6.1286691e-01  -1.7131287e-01
   2.0000000e+00  -1.4371232e+00  -2.3808395e+00   1.5299785e+00   1.0614792e+00   1.0512864e+00  -9.2576459e-01
   2.0000000e+00  -3.1615022e-01  -5.2818892e-01  -1.7344239e-01   1.4142380e+00   2.3321672e-01  -1.2888603e+00
   2.0000000e+00   7.5106341e-01  -1.0768685e+00   3.2013173e-01   1.8417390e+00   5.3973890e-01  -8.1746503e-01
   1.0000000e+00   9.9854438e-03  -9.9056472e-01   2.0711528e-01  -5.0795693e-01   9.3835080e-01   5.2755580e-02
   2.0000000e+00   5.5603088e-01   1.4354156e+00   2.6708493e-01  -3.1788762e-01  -1.3053242e-01   1.1816440e+00
   2.0000000e+00  -3.6995154e-01  -1.7370824e+00   5.6629768e-01   4.1073798e-01   2.5960755e-01  -1.4117637e-01
   2.0000000e+00   2.6178175e+00   1.9026397e-01   5.7218160e-01   1.7733879e-01  -3.1549750e-01  -1.0513843e+00
   1.0000000e+00   6.3675448e-01   1.3406924e-01   7.4846799e-01  -3.7644479e-01   6.7772990e-01   8.7920260e-01
   2.0000000e+00  -8.2170359e-01   7.0450310e-01  -5.1514469e-01  -8.4907124e-02   1.3674123e+00   2.6317875e-01
   2.0000000e+00  -2.1646326e+00  -6.9670268e-02  -2.4195109e-01  -5.6381015e-03   1.0340790e-01   2.5659920e+00
   2.0000000e+00  -3.8201942e-01   1.1297969e+00  -6.2824972e-01  -9.4891914e-01   7.0762743e-01  -3.7317786e-01
   2.0000000e+00  -1.9154393e+00   8.3086210e-01   1.5478527e+00   3.6341724e-01   5.3830168e-01  -7.9457463e-01
   2.0000000e+00   1.4082322e+00  -5.2795491e-01  -3.9389306e-01   1.2185633e-01   1.2303793e-01  -3.8070010e-01
   2.0000000e+00   1.9589556e+00   4.3415636e-02  -3.7212122e-01  -5.5963633e-01  -1.1712045e+00   4.2685820e-03
   2.0000000e+00  -1.1048862e-01  -1.8448585e-01   4.7655351e-01   6.7150384e-01   2.5975341e-02   8.1112288e-01
   2.0000000e+00   1.5910071e+00  -1.9757111e+00  -6.1796656e-01  -1.2521501e+00   8.4557849e-01   1.0211710e+00
   2.0000000e+00  -3.9382599e-01   2.9139021e-01  -1.6633062e-01  -2.3965302e-01   4.6262204e-01   1.0011847e-01
   2.0000000e+00  -6.0107508e-01   7.6768976e-02  -1.0518958e+00  -9.4002023e-01   1.1439063e+00   1.2846196e+00
   2.0000000e+00  -1.9783223e-02   1.6719352e+00  -1.3619400e+00   2.8123443e-01  -7.9677419e-01  -4.1165154e-01
   2.0000000e+00   1.4417503e+00  -1.0526474e+00   6.7536878e-02  -1.7603252e+00   1.1536931e+00   6.8912628e-01
   2.0000000e+00  -7.0676950e-01   6.5626586e-01   1.2643854e+00   5.7545754e-01  -1.3652666e+00   1.5155901e+00
   2.0000000e+00   2.6295551e+00   1.5315147e-01   7.3579941e-01   4.5454477e-01   1.0296064e-02  -9.4888338e-01
   2.0000000e+00  -1.0686872e+00   3.5749263e-01  -1.1058413e+00   1.3587665e+00   4.2264534e-01  -1.1429158e+00
   2.0000000e+00  -8.4673696e-01  -7.1928680e-01  -6.7435149e-01   1.4737552e+00   5.8639212e-02   7.5620014e-01
   2.0000000e+00   1.7552308e+00   1.1018065e-02  -7.4745270e-01   7.7875413e-01  -3.2156549e-01  -1.0290869e+00
   2.0000000e+00  -2.4718715e-02  -7.1914334e-01   2.1472343e-01   3.3250396e-01   7.0646245e-01  -3.5290965e-02
   1.0000000e+00   9.0306409e-01  -1.1407997e-01  -1.0837377e+00  -6.3934620e-01  -1.6623881e-01   5.4689314e-01
   2.0000000e+00  -6.9651246e-01   9.5112921e-02   2.0348350e+00   1.6794357e+00  -7.5916855e-01   8.6885616e-01
   2.0000000e+00   3.6915781e-01   1.2126344e+00  -5.9611529e-01   2.8947977e-02   1.8360347e+00  -2.4212924e-01
   2.0000000e+00  -3.0608028e-01  -1.5763325e+00  -1.3859352e+00   5.3870468e-01  -1.4233126e+00  -6.8711680e-01
   2.0000000e+00  -2.5429526e-01   3.7361486e-01  -1.0684641e+00   1.6287091e+00  -8.7204661e-01   2.2407482e-01
   2.0000000e+00   2.4429378e-01   1.6342180e+00  -6.2553072e-01   6.0018447e-02   1.0142868e+00   1.6147613e+00
   2.0000000e+00  -2.4990715e-02  -3.0818039e-01   4.3209119e-01   1.6487602e+00   1.0971444e-01  -5.8951809e-01
   2.0000000e+00   4.5057272e-01   1.2930966e+00  -2.9054231e-01  -1.9496715e+00  -9.4145189e-02  -1.0262062e-02
   2.0000000e+00   1.8289980e+00   1.7722673e+00   1.7662630e-01   1.3679225e+00  -9.3778258e-01  -1.0125939e+00
   2.0000000e+00  -1.2861889e-01  -2.8820697e-01   5.4875979e-01  -4.4751184e-01   4.4262524e-02  -4.5987002e-01
   1.0000000e+00   2.4010858e-01  -4.7995830e-02   6.6142080e-01   5.1095202e-02  -4.2571757e-01  -7.7060089e-01
   1.0000000e+00   6.0512108e-01   1.3342042e-01  -1.3168323e+00  -6.5071020e-01   1.4086800e+00  -5.3997834e-01
   2.0000000e+00  -7.1915083e-01   4.5722704e-01  -2.1943799e-01  -5.5322607e-01   4.7696722e-01   7.9548983e-01
   2.0000000e+00   1.3798541e+00  -9.0297172e-03  -1.1084722e-01   3.6684921e-01  -2.4008841e-01   2.3104964e+00
   2.0000000e+00  -1.3537068e+00  -8.1137824e-02  -1.9758183e-02   7.8413023e-01   1.0587822e-01  -1.4666496e-01
   2.0000000e+00  -3.6064995e-01   5.4008154e-01  -5.2728277e-01   1.8641767e+00  -4.2603226e-01  -4.0142304e-02
   2.0000000e+00   1.5229409e+00  -1.2476859e-01  -2.7790132e-01  -2.4733325e-01  -1.0149806e+00   8.8342804e-01
   2.0000000e+00   7.5648021e-01  -9.5830085e-01   1.6236732e+00   4.5386956e-01  -5.2047202e-02   3.1169371e-01
   2.0000000e+00  -7.7401231e-01   1.7228571e-01  -6.8080709e-01  -1.8072540e+00   1.3541113e+00  -4.4992586e-02
   2.0000000e+00  -2.7927403e-01  -6.9766450e-01  -8.0571093e-01   3.3855554e+00   2.8004196e-01  -2.0229763e+00
   2.0000000e+00  -3.8149314e-02   2.4797079e-01   3.7600227e-01   1.9948424e+00  -1.0168987e+00   7.1906235e-02
   2.0000000e+00  -1.2558714e+00   1.6235192e+00   1.1758068e+00   5.5378159e-01  -4.2521476e-01  -1.8175400e+00
   2.0000000e+00   9.4108405e-01   5.2392470e-01  -6.0497008e-01   1.1636294e+00   2.2576356e+00   1.1490071e+00
   2.0000000e+00   1.1129610e+00   1.2122240e+00   9.0450137e-01  -1.2628234e+00   9.4177084e-01   3.9435010e-01
   2.0000000e+00   3.7171663e-01  -1.6879749e+00   3.1644691e-01   6.2642563e-01   7.7284905e-01  -6.1754737e-01
   2.0000000e+00  -2.5898566e-01  -1.3274285e+00   3.8517307e-01   1.2446898e+00   5.2475323e-01  -1.1220455e-01
   2.0000000e+00  -1.9238593e-01   8.4789562e-01   3.2540272e-01   1.2232954e+00  -1.1364997e+00  -8.3453501e-01
   1.0000000e+00   9.2060700e-01   2.8634310e-01   6.4607547e-01   5.0415187e-01   4.4186924e-01   7.5129974e-01
   2.0000000e+00  -2.0983918e-01   8.9353999e-01  -1.5067553e+00  -7.5725079e-02   6.2427884e-01   6.6799185e-02
   2.0000000e+00  -1.8085125e-01  -5.5046408e-01   2.9183085e-01  -3.7726976e-02   9.5839590e-01  -5.3499211e-01
   2.0000000e+00  -7.2348632e-01  -1.2049949e+00  -1.2798941e+00   2.3509236e-01   1.4272350e+00  -3.0193064e-01
   2.0000000e+00  -1.6755000e+00   6.1602217e-01   3.6502021e-01  -3.7408548e-01   1.3420372e+00   1.2113296e+00
   1.0000000e+00   7.9356856e-01   5.9173579e-01   3.5483433e-01  -1.7410957e+00   1.4842531e+00   9.0442838e-02
   2.0000000e+00   2.1532254e+00  -3.6465670e-01   3.9218478e-01   6.6698507e-01   3.4509498e-01  -2.6495108e-01
   2.0000000e+00   1.1788393e+00  -1.2398283e+00  -2.4654225e-01   1.4300524e+00  -5.3353925e-01   1.8873175e+00
   2.0000000e+00   2.3311211e+00  -5.7782816e-01   1.2097476e+00  -9.3721026e-01  -3.5992956e-01  -1.1867333e-01
   2.0000000e+00  -1.0728236e+00  -1.0227919e+00  -1.7352946e+00  -7.8515911e-01  -3.8308266e-01  -1.2039715e-01
   2.0000000e+00   2.0248898e+00   1.0123654e-01   1.4100451e+00  -5.7968477e-01   1.3828468e+00  -2.1703264e-01
   2.0000000e+00  -2.8622552e-01   1.8214542e+00   6.2072643e-01  -1.0911809e+00   8.3598528e-01  -1.3842953e+00
   2.0000000e+00  -1.3760150e+00  -1.8590653e-01  -3.7014755e-01   7.7252013e-01   2.8918125e-01  -5.2188528e-01
   2.0000000e+00   2.0889593e-01   1.0065928e+00   1.5723540e+00  -4.9700648e-01  -2.7825687e-01  -1.7596277e+00
   1.0000000e+00   6.7966944e-02   9.0365166e-01  -3.1759391e-01  -9.0753883e-02   9.9814274e-01   3.4453616e-01
   2.0000000e+00  -3.7927519e-01   1.1583322e-01   4.9830174e-02   1.3076199e+00   4.9423154e-01   1.4616417e+00
   2.0000000e+00  -3.9280574e-01   2.6479074e-02  -7.0292418e-01  -7.6196848e-02  -2.3571335e-01  -8.0069212e-01
   2.0000000e+00   1.0377629e+00   1.6246746e+00   1.4134838e+00  -1.9638612e+00  -1.0248552e-01   1.6962795e-01
   1.0000000e+00   3.7910696e-01  -7.3097031e-02  -3.7398591e-01   1.2344059e+00   1.5548314e-01  -4.6856298e-02
   1.0000000e+00   6.9834101e-02  -7.6008285e-01   1.4837085e+00   6.1959774e-03  -6.8098064e-01  -6.8535527e-01
   1.0000000e+00   2.5682715e-01   4.1178739e-02   4.4702605e-01  -1.9459693e-01  -1.1237785e+00  -9.6845567e-02
   1.0000000e+00   5.0580947e-01  -7.4602616e-01   1.2145312e-01   1.7430726e+00  -6.0415087e-01   9.6565561e-01
   2.0000000e+00   7.8578897e-01   3.0089036e-01   1.1786727e-01   2.2228869e+00  -2.8016062e-01   1.3614705e-01
   2.0000000e+00   1.7079742e+00   3.3893734e-01   4.4659071e-01  -1.2350149e+00   5.6385484e-01   5.9776102e-01
   2.0000000e+00  -6.1067294e-01  -6.7389800e-03  -2.9439513e-01   4.5054438e-01   6.6980187e-01   5.5395381e-02
   2.0000000e+00   7.7010102e-01  -1.4854949e+00  -2.4313877e+00  -6.5113781e-01   7.4484576e-01  -1.3797416e+00
   2.0000000e+00  -6.9027431e-01  -2.0953289e-01   5.9821337e-02  -8.4363013e-01   8.7211003e-01  -1.3225712e+00
   2.0000000e+00   4.8127750e-01  -1.3096269e+00   3.0543052e-01   1.0262624e+00   4.2631878e-01  -7.4835570e-01
   2.0000000e+00  -2.6329390e-01  -1.9740574e-01   7.4822411e-01  -1.1717455e+00   1.1198563e+00   3.2287972e-01
   2.0000000e+00  -3.8239110e-01   7.4718648e-02   3.2227737e-01  -1.7077392e+00   2.0690277e-01   9.4268101e-01
   1.0000000e+00   3.9058662e-02  -1.3534106e-01   7.6392607e-01  -2.6315419e-02  -1.6252178e-01  -1.0006809e+00
   2.0000000e+00  -1.8309939e-02  -9.6044310e-01   1.0304188e+00  -2.6112189e+00  -9.6042680e-01  -8.1676775e-01
   2.0000000e+00   4.0680728e-01   1.3079976e+00   1.8576946e+00   3.5227296e-01   1.1609498e+00  -6.4816567e-01
   2.0000000e+00  -3.8280335e-01  -1.3515232e+00  -1.4635857e-02   3.4721148e-01  -1.1629268e-01   1.0835384e+00
   2.0000000e+00   2.8925624e-01   1.1191888e+00   2.5503002e+00   1.8581433e-01  -1.7816545e+00  -2.8921635e-01
   2.0000000e+00   1.5691633e+00  -1.1224231e+00   2.2019537e-01  -6.1203086e-01   1.3838061e+00  -1.6345588e-01
   2.0000000e+00  -1.5143724e-01  -3.1786843e-01   5.7414934e-01  -6.2467730e-01   1.2241291e+00   1.2298934e+00
   1.0000000e+00   4.8643909e-01   2.8658251e-01  -3.8643991e-01  -5.0555965e-02   5.6693818e-01  -6.3366865e-01
   2.0000000e+00   5.2042232e-01  -1.8521804e+00  -3.6532353e-01  -4.8122281e-01   9.8219001e-01  -9.9904219e-01
   2.0000000e+00   1.8818226e-01  -1.1896876e+00  -6.9583819e-01  -5.0142753e-01  -3.5893939e-01   4.6631624e-02
   2.0000000e+00  -1.1677140e+00   1.5256452e+00   3.5558055e-01   5.6864233e-01  -4.8787360e-01   8.1724722e-02
   1.0000000e+00   8.1888232e-01   5.2741310e-01  -1.3400517e+00  -1.5489474e+00   2.8298491e-01   2.5049998e-01
   1.0000000e+00   4.9194197e-01   5.8175536e-01  -6.7855330e-01   8.0979209e-01  -7.1468204e-01  -3.8309127e-01
   2.0000000e+00   1.6363757e+00  -4.3184988e-01  -3.0615549e-01   1.4962965e-02  -6.7335621e-01   3.9234624e-01
   1.0000000e+00   1.7395979e-01   6.8083052e-01   6.8491933e-01  -5.8906935e-01  -4.4702071e-01   8.7743686e-01
   2.0000000e+00  -2.8238580e-01   2.0774020e-01  -3.4576933e-01  -7.4105405e-01   4.0166015e-01   1.0109632e+00
   2.0000000e+00  -1.1817094e+00  -5.7083530e-01   2.2569826e-01   2.6435802e+00   3.0849185e-01   5.2344448e-01
   2.0000000e+00  -1.2893566e+00  -7.3109220e-01  -1.5251200e+00   1.4374713e-01   2.1038528e+00  -8.7455736e-01
   2.0000000e+00   2.2977580e+00   4.3045170e-01  -3.2253993e-02  -1.3954938e+00  -5.7177018e-02   9.1242458e-01
   2.0000000e+00  -6.7682003e-01  -7.8936790e-01   1.2553848e-01   1.6651462e+00  -5.9644881e-01  -9.5089278e-01
   2.0000000e+00   1.0594694e+00  -8.3638362e-01  -6.5573948e-01  -2.3497080e+00   4.8470730e-01   2.3780646e+00
   2.0000000e+00   7.9256276e-01  -2.5113429e+00  -1.7233848e+00   5.8585510e-01   1.5887654e+00  -4.2558036e-01
   1.0000000e+00   4.5733619e-01   3.5990743e-01  -1.5908337e+00   1.4873613e+00  -3.5549513e-01  -9.0738245e-01
   2.0000000e+00  -6.8873795e-01   8.2503072e-01   1.1498169e+00  -6.8908352e-01  -1.7239261e+00  -4.6926464e-01
   2.0000000e+00  -7.9779217e-01  -2.4255825e-01   7.5242397e-01  -1.7191118e+00   7.8685975e-02   1.5068919e+00
   2.0000000e+00  -6.1101673e-01  -4.0686847e-01   9.2981980e-01   3.2601483e-01   2.2232372e-02  -3.7985057e-01
   2.0000000e+00   1.4384282e+00   1.8604077e-01  -1.2050494e+00  -6.7945324e-01  -1.3106458e+00  -9.0307466e-01
   1.0000000e+00   6.3775336e-02   3.0879006e-01  -1.3481651e-01   3.7830252e-01  -2.4182390e+00  -4.4932485e-01
   2.0000000e+00   7.1377063e-01  -1.0767668e+00   4.8652392e-01  -2.3677416e+00   1.9037881e-01  -1.9410206e+00
   2.0000000e+00  -8.1715126e-01  -1.1202610e+00  -5.9723099e-01   2.9879066e-02   1.2622536e+00  -4.9318161e-01
   1.0000000e+00   9.2200399e-02  -7.0734809e-01   1.3020636e+00  -3.7654225e-02   8.2112007e-01   7.1834475e-01
   2.0000000e+00  -8.5794547e-01  -5.9668850e-01  -1.5916052e-01  -6.4450986e-01   5.1070834e-01  -7.8100587e-01
   2.0000000e+00   1.4154167e+00  -1.4115414e+00   1.8383225e+00   1.0942482e+00   6.0053304e-01  -6.6130241e-01
   2.0000000e+00  -3.6690547e-01   9.1660543e-01   1.0815084e+00   3.3105199e-01   4.6819720e-01  -1.6739391e+00
   2.0000000e+00   4.1277841e-01   9.1979719e-01   6.0651691e-01  -1.5248768e-01   5.7342971e-01   9.6908399e-01
   2.0000000e+00  -1.3773575e+00   3.4768299e-01  -9.4752956e-02   2.7353608e-01   1.0376144e+00  -5.5852607e-01
   2.0000000e+00   1.1900646e+00   6.1570734e-02   1.8501605e+00   5.7623444e-01   1.0077850e+00  -9.0120697e-01
   2.0000000e+00  -1.0998534e+00  -6.9949525e-01  -2.2755383e-02  -1.5826809e+00   1.5330712e+00  -1.4387551e+00
   2.0000000e+00  -2.0008458e+00   7.8589137e-01   1.0952106e+00   1.0805711e+00  -8.0128587e-01   2.9187482e-01
   2.0000000e+00  -5.0806684e-01  -3.7467523e-01  -1.9617898e+00   1.0973244e-01   2.2473585e-01  -1.2070192e+00
   2.0000000e+00  -1.0449248e+00  -5.8226073e-01   9.8905199e-01   7.7635494e-02   3.7167102e-02  -4.5430295e-01
   1.0000000e+00   3.2498116e-01   4.9445122e-01   1.4398247e-01  -9.0076439e-01  -9.8167267e-01  -1.2798496e+00
   2.0000000e+00  -6.5768279e-01   3.1279339e-01  -2.0817276e+00  -2.5391657e+00   5.5817858e-01   5.6971444e-01
   2.0000000e+00  -6.6128240e-01   1.2660097e+00   5.2127674e-01   5.5992419e-02   4.7175778e-01  -1.6131441e+00
   2.0000000e+00  -6.8279096e-01   3.7372457e-01  -6.7445695e-01  -1.1455649e-01   1.1318016e+00  -1.2028726e+00
   1.0000000e+00   9.3052717e-01   3.2184057e-01   5.2485651e-01   1.2489140e-01  -2.4651367e+00  -1.3008379e+00
   2.0000000e+00   2.8947706e-01   3.7572787e-01  -1.0899533e+00  -2.4012527e+00   1.8365741e+00  -1.3854607e+00
   2.0000000e+00   1.5820185e+00  -7.6474404e-01   1.5194957e-01  -1.0139764e-01   2.6973694e+00  -7.6020786e-02
   2.0000000e+00  -7.5724091e-01  -5.5921457e-01   2.8482809e-02  -3.4527304e-01   5.8227364e-01  -1.6482855e+00
   2.0000000e+00   4.4101455e-01  -3.3999497e-01   9.8098418e-01  -2.0269790e+00  -2.8032441e-01   5.1224386e-01
   2.0000000e+00  -1.0147771e+00  -1.2006270e+00   2.6654481e-01   2.5627958e+00   9.4735003e-01   4.4082802e-01
   2.0000000e+00   4.9732012e-01   1.1347242e+00  -5.3783035e-01  -2.8568063e-01  -1.7189695e+00   1.9419135e+00
   1.0000000e+00   4.2532100e-01  -5.5344103e-02  -2.5976595e-01  -8.6851107e-01  -1.5761151e-01   5.6528421e-01
   2.0000000e+00  -3.6578100e-01   1.7713108e+00   2.4434528e+00  -5.6052568e-01  -5.8394589e-01  -2.7229483e-01
   1.0000000e+00   5.2436515e-01  -6.9982288e-01  -2.3852078e-01   7.3159943e-01   8.6326510e-01   8.1869445e-01
   2.0000000e+00  -5.1319305e-02   4.6541046e-01  -1.0822352e+00  -1.4350509e+00  -1.6853054e+00  -2.9475508e-01
   2.0000000e+00   1.4324853e+00  -1.0116625e+00   8.5138973e-01   5.6763674e-01   3.4186683e-01   1.2631844e+00
   2.0000000e+00  -3.7532133e-01   3.2726915e-02   2.3108066e+00   2.7828623e-01   4.9702227e-02  -1.4168882e+00
   2.0000000e+00   2.1087049e+00   2.0062106e-01   7.4764335e-01   1.4638606e+00  -8.3002344e-02  -6.3470787e-01
   2.0000000e+00  -3.1247233e-01  -7.4080376e-01  -2.5479456e-01   1.3553721e+00  -6.7773538e-01   7.3673911e-01
   1.0000000e+00   6.3868271e-01   7.2425500e-01   8.5840738e-01  -1.7181968e+00   1.0484242e+00  -4.7994997e-01
   2.0000000e+00   1.2267889e+00  -6.8719722e-01   1.3815020e+00  -1.0462978e+00  -5.9814642e-01  -9.6158320e-01
   1.0000000e+00   6.9940936e-02   2.5897708e-01   6.4318357e-01   3.6581978e-01   7.4891137e-01  -1.6481950e-03
   2.0000000e+00  -3.5617016e-01   1.3743076e+00   6.8827804e-01   6.2865606e-01   5.2451534e-01   4.7632739e-02
   2.0000000e+00  -2.6572903e+00  -1.0338975e+00   1.3371016e+00  -1.9082421e+00  -1.2737364e-01  -8.1052818e-01
   2.0000000e+00  -1.2749755e+00   9.2888674e-01  -4.3434528e-01   1.9968290e-02  -1.7161666e-01  -1.2749821e+00
   2.0000000e+00   3.9678540e-01  -1.0043284e+00  -2.7239631e-01  -3.8763382e-01   6.1843927e-01  -1.2869318e+00
   1.0000000e+00   9.0264120e-01   2.2426130e-01   2.2430657e+00  -6.5464975e-01  -1.2084150e+00  -1.0206232e+00
   2.0000000e+00   5.1392340e-01  -2.1080745e+00  -1.0264196e+00   5.2971861e-01   2.3761230e-01  -4.1893671e-01
   2.0000000e+00  -7.9621259e-01  -8.9153492e-01   6.9363942e-01   1.1590002e+00  -8.9683564e-01   8.4596877e-02
   2.0000000e+00   6.3221622e-01  -2.0462583e+00  -1.2798272e+00  -5.8310172e-01   1.3585896e-01  -2.3888364e+00
   2.0000000e+00   6.7650728e-01  -1.4008445e+00   6.2207085e-01  -4.4030182e-01   8.0946896e-02  -6.9553930e-01
   2.0000000e+00  -4.4644299e-01   5.3776132e-02  -1.7284111e+00   2.5884934e-01   9.7421671e-01   3.5419381e-01
   2.0000000e+00   1.2476463e+00   4.9168523e-01   2.6482337e+00  -2.8796252e-01   1.9147743e+00  -8.2186407e-01
   2.0000000e+00   3.4209792e-01   1.7599400e+00  -1.1181055e+00   1.7158353e+00   7.9241404e-01   1.4559874e-01
   2.0000000e+00  -9.7795234e-01   8.4752741e-01  -1.0495156e+00   1.1539114e-01  -1.5879954e+00  -3.5629406e-01
   2.0000000e+00  -2.0978185e-01  -1.0553956e+00   7.6047853e-01   1.8053718e-01  -3.5601088e-02   5.6196929e-01
   2.0000000e+00   2.1289840e-01  -1.5358955e+00  -2.5971251e-02   2.6283525e-01  -2.5793248e-01  -1.0818602e+00
   2.0000000e+00  -7.0418768e-01   1.1782804e-01   1.3175859e+00  -1.7571950e+00  -1.6837180e-01  -2.8493696e-01
   1.0000000e+00   5.9734999e-01  -8.0166391e-01  -9.7669551e-01   1.3664671e+00  -6.5294106e-01   1.2564873e+00
   2.0000000e+00   1.1439514e+00  -7.6604600e-01   5.7880596e-01  -5.7247985e-01  -8.1461940e-01   1.0028178e+00
   2.0000000e+00   9.1174369e-01   4.7992837e-01   4.3565281e-02  -1.9111932e-01  -1.0204877e+00  -2.4382852e+00
   2.0000000e+00   1.2086520e+00  -1.5114124e+00   3.9268135e-01  -6.0724149e-01   4.6873687e-01   5.0308440e-01
   2.0000000e+00   1.4129459e+00  -8.1974568e-01   2.0081686e-01   3.5578387e-01   3.4692518e-01   4.0909015e-01
   2.0000000e+00  -1.2793840e+00  -1.4491604e+00   1.4444674e+00  -1.4587474e+00  -4.5637195e-01   1.5151270e+00
   2.0000000e+00  -1.0755809e+00   2.1197966e-02   1.1770579e+00   6.5341895e-01  -4.8940658e-01   8.4868490e-01
   2.0000000e+00   2.6189932e+00  -5.9914883e-01   1.0665562e+00  -2.6399873e-01  -4.3395935e-01  -1.5206054e+00
   1.0000000e+00   5.4653252e-01   2.7590254e-01   1.4655737e+00  -1.4243274e+00  -1.3476643e+00  -1.5928717e-01
   2.0000000e+00  -3.9163136e-01   1.2980976e+00  -4.1978164e-01  -4.2701128e-01   1.4080582e+00   9.3974930e-01
   1.0000000e+00   5.9453738e-01   4.3206197e-01  -1.0066449e+00   6.8889480e-01   1.1673459e+00   9.3925374e-01
   2.0000000e+00   5.1247520e-01   9.6644026e-01   2.2119325e+00   5.7793506e-02  -3.0000954e-01   1.3242018e-02
   2.0000000e+00  -9.1951531e-01   2.9185754e-01   1.0190361e+00  -4.5241779e-01  -9.2415663e-01  -9.2621514e-01
   1.0000000e+00   1.2393329e-01  -5.3649236e-01   1.1063027e+00   1.6266219e+00  -2.7078292e-01  -1.9659389e+00
   2.0000000e+00  -2.2342747e-01   1.7088661e-01  -1.9660778e-01   4.3912010e-01   5.2422970e-01  -1.3659276e+00
   2.0000000e+00   1.1192936e+00  -5.8749147e-01  -9.6353220e-01   9.3783905e-01   1.1579862e+00  -8.5066160e-01
   2.0000000e+00  -1.1069026e+00  -1.8398338e+00  -5.3809152e-01  -1.7194457e+00   9.4473084e-01  -3.0059936e-01
   2.0000000e+00   1.6201406e+00   5.0841811e-01   1.1334583e+00  -5.7141073e-01  -8.4775556e-02  -4.0124673e-01
   1.0000000e+00   8.0576612e-01  -2.5452465e-02   1.3273994e+00  -7.8850062e-01  -8.6716360e-01  -1.2635412e+00
   2.0000000e+00   1.8253530e+00   1.8692638e-01   6.3523153e-01   6.0219525e-01  -8.1092340e-01  -1.9119945e-01
   2.0000000e+00   2.1094147e+00  -4.2179613e-01  -1.2746369e+00   4.5473525e-01  -7.7938105e-01   1.9740306e-01
   2.0000000e+00  -3.4062481e-01   5.0763241e-02   1.0209149e+00  -1.2143807e+00   6.9328287e-01   1.9297635e+00
   1.0000000e+00   5.9634889e-01  -1.9555101e-02  -1.6667439e-01   2.3203002e-01   9.3034207e-01   1.6667033e-01
   2.0000000e+00  -3.6940650e-02   4.6391787e-01   5.6934045e-01  -1.2840798e+00   4.4429453e-03   3.2366985e-02
   2.0000000e+00  -1.5224921e+00  -3.0519705e-01   1.3318894e+00   7.3348217e-02   7.6046294e-02  -1.3865918e-02
   2.0000000e+00  -6.6142938e-01   7.0497894e-01  -4.5705975e-01  -9.6029295e-01  -6.5203305e-02  -2.9818186e-01
   2.0000000e+00   1.3337483e+00   4.4598537e-01  -2.7232195e-01   2.5173736e-01   1.8124180e+00   1.4991482e+00
   2.0000000e+00  -1.3223863e+00   5.5547042e-01   4.8758197e-01  -1.4359664e+00   3.6189271e-02   3.5111768e-01
   2.0000000e+00   1.2374651e+00   6.9932438e-01  -2.0640767e+00  -1.0889124e+00   1.1852079e+00   1.2293991e+00
   2.0000000e+00  -8.7701204e-01  -1.9318857e+00   9.7933020e-01   2.0168851e+00   1.9444777e-01   1.6540470e+00
   2.0000000e+00  -1.2084068e-02   7.9731594e-02   6.9478730e-01   2.3506616e-01   1.0754307e+00   2.1603672e+00
   2.0000000e+00  -7.2907788e-02  -9.6194669e-01   9.2078343e-01   6.2298140e-01   5.6007013e-01   9.6622099e-01
   2.0000000e+00  -1.1353400e+00  -5.6246558e-01   1.9841291e+00  -6.7659105e-01  -9.8768115e-01  -5.1125695e-01
   2.0000000e+00   8.4864200e-01   9.0513018e-02   8.6306657e-01  -2.1489547e+00  -2.1249873e+00  -1.8120200e+00
   2.0000000e+00   1.0314455e+00   6.0703657e-01   2.3457978e-01  -7.0586768e-01  -8.5640283e-01   1.6043354e+00
   2.0000000e+00  -1.1925833e+00  -3.7071587e-01  -1.4151439e-01  -8.8222192e-01  -4.1359353e-01   3.7969096e-01
   2.0000000e+00  -2.1899817e-01   8.8738512e-01  -9.1114085e-01  -1.0137987e+00  -1.1835958e+00  -5.4388674e-01
   2.0000000e+00   1.1509893e+00   1.3300546e+00  -7.5444939e-01   2.6913093e-01   6.1791903e-01   2.3438610e-01
   1.0000000e+00   4.9436801e-01  -8.2502647e-01   1.2063220e+00   1.4332631e+00  -4.2988651e-01   1.3639696e+00
   2.0000000e+00   4.1771543e-01   1.4465846e+00   1.8364166e-01  -1.4580526e+00  -1.7079743e+00   6.4470260e-01
   2.0000000e+00   1.9411016e-01   1.1146452e+00  -7.3929189e-01  -1.1630150e-01  -1.0647040e+00   3.2928709e-01
   2.0000000e+00  -1.8581361e+00   1.0683190e+00  -1.4242094e+00  -1.5135801e+00   5.7850241e-01  -7.2205966e-01
   2.0000000e+00  -2.3873419e+00  -1.5442114e+00  -1.6769957e-01  -2.3208425e+00  -6.5051605e-02  -3.1900886e-03
   2.0000000e+00   4.9530589e-01  -1.4686743e+00   4.2281428e-01   1.1425562e+00   1.6628120e+00   6.3438307e-01
   1.0000000e+00   2.7721727e-01   7.8902544e-01  -8.7191011e-01  -2.5340832e-01  -1.9070600e-02  -1.6431590e+00
   2.0000000e+00   1.5462975e+00  -2.8440944e-01   2.3003463e-01   4.0405173e-01  -5.7756613e-01  -2.7245354e-01
   2.0000000e+00   5.8532596e-01   1.0679993e+00  -1.8898537e+00   1.0259290e+00  -9.7835230e-01  -1.2333692e+00
   2.0000000e+00   1.0206057e+00   1.1441760e+00  -4.7619262e-01  -5.6362773e-01   8.0176233e-02   8.9235259e-01
   2.0000000e+00  -2.1190639e+00  -1.3260275e+00  -1.7918448e+00  -2.8076269e-01  -2.9871623e+00  -5.9774066e-01
   2.0000000e+00  -1.3610705e+00  -1.0345370e+00   9.2396408e-01  -8.6777402e-02  -1.0298260e+00  -8.5835029e-01
   2.0000000e+00  -6.8052956e-01   4.8084183e-02   1.5863642e+00   1.1674057e-01  -1.1510499e+00  -1.3987478e+00
   2.0000000e+00  -5.5431028e-01   7.6036632e-01   1.0609235e+00   7.2181363e-01   8.8440502e-01   8.0453789e-01
   2.0000000e+00  -2.4823359e+00   3.0362450e-01  -9.0811897e-01   4.9806675e-01  -1.0777781e+00   3.5195864e-01
   2.0000000e+00  -5.8971088e-01   3.7184505e-02  -2.7774718e-01  -1.1998605e-01  -6.9194919e-01   1.1917317e+00
   2.0000000e+00  -1.9208826e-01   2.8658083e-01  -5.2350292e-01  -9.6934534e-01  -4.1044455e-01   5.2279389e-01
   2.0000000e+00   1.2707601e+00   1.2201936e+00   1.6456921e-01  -8.0444935e-01   8.1121044e-02  -2.2714162e-02
   2.0000000e+00  -1.0136101e+00  -2.9774285e-01   4.1737956e-01  -9.7437818e-01   1.3493859e+00   9.7518059e-01
   2.0000000e+00  -6.7942730e-01  -2.4642185e-01   3.5083729e-01   1.6900543e+00   1.8838875e+00   1.4228434e+00
   2.0000000e+00  -2.9434420e-02   1.2337971e+00   1.0283760e+00  -1.3733261e+00   9.7711976e-01   1.8440475e+00
   2.0000000e+00   5.2760814e-02  -1.4326009e+00  -4.2314336e-01  -6.9332436e-01  -6.2091837e-01  -1.2003167e+00
   2.0000000e+00   9.9736476e-01  -2.7562784e-01   1.0982846e+00   1.2604985e-01  -1.2312455e-01  -6.8847091e-01
   2.0000000e+00  -5.3249937e-02   6.5419273e-01   3.4235800e-01   5.6072997e-01  -3.8444229e-01  -8.9042157e-01
   2.0000000e+00  -2.1999284e-01   2.5097090e+00  -1.9411867e+00  -2.6642954e-01   1.9761788e+00   4.6844783e-01
   2.0000000e+00  -7.7471180e-01  -3.9493806e-01  -1.0780130e+00   1.7902541e+00  -7.9649558e-01   8.0759990e-02
   2.0000000e+00  -6.1966860e-02  -1.0352305e+00  -5.5482666e-01  -1.9043119e-01  -1.4138399e-01  -2.6349002e-01
   2.0000000e+00   2.9773510e+00  -7.1981769e-01  -1.4933677e-01   5.1309225e-01   7.9911420e-01   5.1695014e-02
   2.0000000e+00   2.5631268e-01   1.2102887e+00   1.6509722e+00  -7.4836206e-01   1.8161058e+00  -1.0302241e+00
   2.0000000e+00  -1.4051646e+00   4.9897990e-01  -5.9321070e-01  -1.3261455e+00   4.4853597e-01  -1.6393163e+00
   2.0000000e+00   8.0560523e-01  -1.2715782e+00  -3.5292991e-01   3.6618163e-02   2.6275263e+00   6.8703008e-01
   2.0000000e+00   1.2983362e+00   1.4580781e+00  -1.5154539e+00   9.8147429e-01   1.1915310e+00   6.7274724e-01
   1.0000000e+00   1.7084784e-01  -1.3590827e-01   3.4625297e-01  -4.2655377e-01  -3.1490663e+00  -5.7456848e-01
   2.0000000e+00  -2.4497199e-01  -2.2012903e-01  -7.8664247e-01  -9.2835407e-01   1.0782616e+00   1.3918590e+00
   1.0000000e+00   5.3637771e-01  -3.4591536e-01  -9.4960009e-01  -1.5786501e+00  -5.5871786e-01  -1.0293560e-01
   2.0000000e+00   1.2858641e+00   6.7713535e-01   5.5449831e-01   9.3543286e-02  -1.0568202e+00  -2.0087538e+00
   2.0000000e+00   2.2047253e+00  -1.3268477e+00  -7.1710649e-01  -5.7217040e-01   2.3860109e-01   6.9729256e-01
   2.0000000e+00  -3.1855585e-03  -5.5943137e-01   6.1528637e-01   1.1481962e+00  -8.3867617e-02  -8.2763191e-01
   2.0000000e+00   6.1720949e-01   1.6928522e+00  -1.7823635e-01   2.1846418e-01   7.7451866e-01   1.2896728e-01
   1.0000000e+00   4.2944375e-01   1.1167353e-02   1.5992720e-01  -7.1359750e-01  -1.7486668e+00   2.8311921e-01
   2.0000000e+00  -1.4795067e-01  -1.1289042e+00   8.0243564e-01   3.9208550e-02  -5.5488906e-02  -5.5642372e-01
   2.0000000e+00   1.1410573e+00  -7.2306145e-02   1.3440787e+00   1.6448589e+00  -1.8769771e-01   4.5281990e-01
   2.0000000e+00   7.1731151e-01  -2.1015817e+00  -5.3617193e-01  -9.4801970e-01   9.8192007e-01  -1.6732649e+00
   2.0000000e+00   1.4762597e+00   7.7256691e-01   1.7436136e+00   8.2117103e-01   1.2051810e+00   1.0153964e+00
   2.0000000e+00  -1.8556826e-01  -3.8235764e-01  -2.1569975e+00   1.1587311e+00  -3.4546896e-01  -1.5332778e+00
   2.0000000e+00  -9.6685992e-01   1.9643800e-01   1.1431650e-01  -1.9187360e+00   9.0885490e-01  -1.5650161e+00
   2.0000000e+00  -7.5725422e-01   7.7968109e-01   6.2675176e-01  -2.2553618e+00  -8.8865234e-01  -5.7444657e-01
   2.0000000e+00   8.2648721e-01   6.0473517e-01  -2.1871099e+00   1.9975774e+00   4.8987931e-01   5.6633243e-01
   2.0000000e+00  -1.2625031e+00   1.2054502e+00  -1.8226904e+00   9.8148112e-02  -8.7365628e-01  -4.7824380e-01
   2.0000000e+00   2.1447856e-02   1.3607241e+00  -1.0780275e+00   9.1629924e-02  -2.8159908e-03   4.6002126e-01
   1.0000000e+00   1.5589216e-01   6.1326156e-03  -2.0966817e-01  -3.3077956e-01  -9.7282405e-01  -1.2249574e+00
   1.0000000e+00   6.1241846e-01   4.6924535e-01   8.6297446e-01   7.8604080e-01   8.1313922e-02   1.2768241e+00
   2.0000000e+00   1.6464552e+00  -2.1017160e-01  -6.5795671e-01  -1.4039414e+00  -1.5920497e+00  -9.7636459e-01
   1.0000000e+00   1.7048336e-01   2.6579974e-01  -7.3359361e-01  -7.5213607e-01  -3.0213448e-01  -1.3982685e+00
   2.0000000e+00  -5.2435005e-02  -9.7239214e-01  -1.8029763e-01  -2.0853839e-01   6.1198575e-01   4.0475738e-01
   2.0000000e+00  -1.6836926e+00   1.3346156e-01  -1.0531171e+00  -4.3806978e-02   6.3711932e-01  -2.7155829e-01
   2.0000000e+00   7.1320198e-01  -1.0463254e+00  -5.7160983e-02  -1.2821261e+00  -8.3944061e-01  -9.0674750e-01
   2.0000000e+00  -8.5375626e-01  -4.9944695e-03   3.7190586e-02  -1.6745036e+00   1.5092775e-01  -5.2672156e-01
   2.0000000e+00   6.6385067e-01  -6.1829377e-01  -9.0699219e-01   2.0997561e+00  -9.0980468e-02  -3.0211771e-01
   1.0000000e+00   1.5154625e-01  -5.3490625e-01  -4.5544548e-01  -1.3829216e+00  -1.7308101e-01  -6.5596123e-01
   2.0000000e+00  -9.3398225e-04  -6.4363410e-03   2.5130892e+00  -2.5390765e-01   7.1986529e-01   4.0396611e-02
   2.0000000e+00   8.2788207e-01  -2.5837746e+00   6.6828840e-01   1.2509008e+00  -3.9175383e-01  -6.4740162e-01
   2.0000000e+00  -4.1704986e-01   1.1131734e+00   8.2370109e-02   7.6076194e-01  -1.7733650e+00  -6.4793587e-01
   2.0000000e+00  -3.2562856e-01  -1.5488922e+00   7.7655109e-01   2.5433702e-01  -4.0909779e-01  -1.3259766e+00
   2.0000000e+00  -2.1631777e-01   2.5159880e-01  -5.8656414e-01   5.1242168e-01  -3.9090523e-01   5.7198901e-01
   2.0000000e+00  -1.1714179e+00   1.4031166e+00  -4.2879479e-01  -6.9261799e-01   1.6520550e+00  -8.9111530e-01
   2.0000000e+00  -5.6834883e-01  -2.1634126e-01   4.8207748e-01  -3.1618940e-01   2.4060696e-01  -8.1669261e-02
   2.0000000e+00   8.9934457e-01   1.1408175e+00   9.3464740e-01  -4.2972205e-01  -7.2775707e-01  -1.8923809e+00
   2.0000000e+00  -7.5023937e-02  -1.0116183e+00   1.3634897e+00   1.7435063e+00  -6.5661595e-01  -1.1052519e+00
   2.0000000e+00  -4.7399658e-02   3.6795367e-01   9.5684660e-01   7.8390142e-01   1.5347903e+00   1.3432449e+00
   2.0000000e+00   1.9011182e+00   5.5431404e-01   8.6554948e-01  -1.2802316e+00   6.0464015e-01   1.2893958e+00
   2.0000000e+00  -2.3461142e-01   2.0470394e-01   1.2125825e+00   8.7779744e-01   5.0275206e-01   2.2658468e-02
   1.0000000e+00   7.1985890e-01  -2.0562653e-01  -1.0036173e-01  -6.2684029e-01  -5.5244271e-01   1.3570626e+00
   2.0000000e+00   1.3646344e+00  -1.7610677e+00   9.8388164e-01  -1.2806949e-01   3.2863139e-01  -4.5535846e-01
   2.0000000e+00  -2.6477224e-01   4.6446077e-02  -6.9796841e-01   1.1099398e+00  -3.6211230e-01   7.3715320e-01
   1.0000000e+00   2.9517972e-01  -3.5316293e-01  -3.7671776e-01  -8.3680749e-01  -1.2595715e-01  -1.4641375e+00
   1.0000000e+00   2.8735737e-01   1.3336170e-01  -2.4606288e-01   1.2191544e+00  -4.5157321e-01   4.3983993e-01
   1.0000000e+00   3.8848187e-01   3.5220074e-01  -9.5923888e-01  -1.2822308e+00  -2.1664520e-01  -8.4884728e-02
   2.0000000e+00  -4.8359200e-02   1.3712560e+00  -7.8561697e-02   5.1182082e-01  -9.1817882e-01  -6.8894928e-01
   1.0000000e+00   8.5559675e-01  -3.8161551e-01   1.8125525e+00  -1.4351643e+00   3.2489712e-01  -7.6424207e-01
   2.0000000e+00  -3.3414724e-01  -9.6837523e-01   1.7222099e+00   1.1142250e-01  -3.0228473e+00  -9.2141932e-02
   2.0000000e+00  -5.8015792e-01  -2.3734523e-01   4.3620433e-01  -9.5140280e-01   1.2117164e+00   4.9151901e-01
   2.0000000e+00   8.5779384e-01  -8.7412045e-01  -1.4959527e+00  -1.4374301e+00  -7.1992923e-01   1.5677735e+00
   2.0000000e+00   4.8174404e-01  -1.0591330e+00   5.9471442e-01  -4.1484172e-01   4.1053228e-01  -1.9589991e+00
   2.0000000e+00  -1.0985980e+00   1.2769511e+00  -1.1402829e+00  -2.4786122e-03   1.1477676e+00   1.3467240e+00
   2.0000000e+00  -8.3590042e-01  -3.3659320e+00  -1.8367390e+00   7.5697984e-01   1.3201556e+00  -2.7001703e-02
   2.0000000e+00  -1.0760903e+00  -3.8459574e-01   1.4390596e+00  -2.0851900e+00  -7.7448798e-01  -6.1398465e-01
   1.0000000e+00   1.4027700e-01   2.4640336e-02  -7.0907924e-01   8.1795335e-01  -6.3407609e-01   6.2387071e-01
   2.0000000e+00  -1.0790576e+00   3.7894021e-01  -9.3652751e-01   4.0478086e-01  -1.5294839e+00   1.1311559e-01
   2.0000000e+00  -2.3859643e+00   5.1134550e-01  -1.2930079e+00  -6.3535125e-01  -1.1714026e-01  -1.5392520e+00
   2.0000000e+00  -1.8234232e+00  -1.7887391e-01  -8.9312574e-01  -4.6674663e-01   1.2964823e+00  -6.1097590e-01
   2.0000000e+00   1.8449235e-01  -1.6021571e+00  -9.9293369e-01   4.8420598e-01   1.7321487e+00  -8.0304151e-01
   2.0000000e+00  -6.5556725e-01   2.4996294e-01  -2.9334143e-01   1.1976563e+00   2.7918974e-01   1.6876072e-01
   2.0000000e+00  -5.7577604e-01   2.9219115e-02  -8.4262490e-01  -3.7773253e-01   5.5496225e-01  -1.8073053e+00
   2.0000000e+00  -1.4248645e+00   2.1682204e+00   1.6225751e+00  -1.0676936e+00  -4.5343202e-01  -2.1048629e+00
   2.0000000e+00   2.4932297e-01  -1.4530314e+00   1.1854001e+00   9.5347409e-01   9.3669034e-01   1.1758918e+00
   1.0000000e+00   3.3737301e-01   5.8848187e-01  -1.1715548e+00  -8.3288292e-01   7.9757531e-01  -9.0947922e-01
   1.0000000e+00   4.4389250e-01   6.6516150e-01   2.3521401e-01  -8.2481299e-01  -1.5085396e+00  -2.1277591e-01
   2.0000000e+00  -1.6227173e+00  -1.0705822e+00   3.3204636e-01  -7.0918556e-01  -4.4433186e-01   2.8770826e-01
   2.0000000e+00   7.1392508e-01  -7.9059930e-01   8.4015669e-01  -1.3626804e+00   9.2234603e-01   5.0901064e-03
   2.0000000e+00  -1.2049115e+00  -8.1250053e-01  -1.5237611e-01   1.0237046e+00   2.4615645e-01  -2.3690275e-01
   2.0000000e+00  -6.3591702e-02   4.5138839e-01   3.7179038e-01   1.4347179e+00   6.6256176e-01  -1.0383897e+00
   2.0000000e+00  -1.5767259e+00  -4.4488412e-01  -4.0911311e-01  -1.4898803e+00   1.4126502e+00  -5.8587475e-01
   2.0000000e+00  -1.6456187e+00   1.7063197e+00   2.1822657e+00  -1.7884761e-01   2.0741799e+00   8.0195934e-01
   2.0000000e+00  -9.4366739e-01  -5.8577986e-01   5.1567532e-01  -1.1716415e+00   1.9270872e-01   1.0245891e+00
   1.0000000e+00   2.2883972e-02   2.1053321e-02   1.0955984e-02  -4.1527298e-03  -9.8433291e-02  -3.4573619e-01
   2.0000000e+00  -3.5056781e-01  -1.1656286e-01  -1.6860660e+00   1.4166112e-02   2.8030686e-01   1.1895812e+00
   1.0000000e+00   6.2375013e-01  -6.1216605e-01  -3.3196997e-01  -9.1602894e-01   8.2647082e-02  -2.4285906e-01
   2.0000000e+00  -1.1288544e+00   5.4372480e-02  -6.7978289e-01  -2.4875686e-02  -5.5385447e-01  -6.4725713e-01
   2.0000000e+00   1.3534162e+00   6.7487570e-01   3.3493364e-01  -3.1241337e-01  -5.4447983e-01   5.8470394e-01
   2.0000000e+00  -9.4657741e-01   8.4964938e-01  -1.2161815e+00   1.0718897e+00  -8.5815800e-01  -5.0107659e-01
   2.0000000e+00   1.4353371e+00   1.3140876e+00  -1.3423377e+00   7.7188352e-01  -5.8135675e-01   1.1514982e+00
   2.0000000e+00   2.0587212e+00   7.6951129e-01   3.1930564e+00  -1.8557212e+00  -1.9174151e+00  -2.4079007e-01
   1.0000000e+00   5.5474291e-01   2.5540727e-01  -8.7111737e-01  -5.4052430e-01   6.2264671e-01  -2.0764822e-01
   2.0000000e+00  -7.1214002e-01   8.5180214e-01   1.4652726e-02  -1.0344352e+00  -1.3881866e+00   1.0836467e-01
   2.0000000e+00  -2.2678397e-01   1.2466072e+00  -3.4316500e-01  -1.0467019e+00  -1.6998788e-01   7.2082309e-01
   2.0000000e+00  -6.8485018e-01   9.5563141e-01   9.7928964e-01   9.4827746e-01   1.1439726e+00  -3.9628386e-01
   2.0000000e+00  -3.5571688e-01   1.0406029e+00   1.2945532e+00   9.7043807e-02   9.5418972e-01  -2.0790359e-01
   2.0000000e+00  -4.0424941e-01  -1.5591688e+00   2.0978372e+00   1.2072572e+00  -2.4073488e-01  -7.9387822e-01
   2.0000000e+00  -1.5294645e+00   2.2636011e+00   1.5005168e-01  -3.0523923e-01  -9.2337319e-01   1.3434873e+00
   2.0000000e+00  -3.9208212e-02  -7.6435084e-01   1.9085752e+00  -5.6771067e-01   9.8279293e-01   4.2361726e-01
   2.0000000e+00   3.6613976e-01  -1.4568100e+00  -1.9560671e+00   1.9001429e+00   6.9342079e-01  -6.6142703e-01
   2.0000000e+00  -9.8458495e-01  -4.7309957e-01  -1.4214051e+00  -1.9018126e+00  -1.7168591e+00  -9.6420827e-01
   2.0000000e+00  -1.6997126e+00  -9.7282419e-01   1.0629227e+00   1.3678954e+00  -2.8876490e-01  -6.1109319e-01
   2.0000000e+00   1.6711398e+00   1.9895154e+00  -1.6364111e+00  -2.0887345e-01  -2.1565646e+00  -6.8307582e-01
   2.0000000e+00  -1.1129698e+00  -6.2470143e-01  -1.7103930e-01   3.4745701e-01   2.6086866e-01   4.6459881e-01
   2.0000000e+00   1.1536493e+00  -1.8707462e-01  -3.4865414e-01  -1.0020279e+00  -6.0431197e-01  -2.2243631e+00
   2.0000000e+00  -1.4763093e+00  -6.7772142e-01   6.6463404e-01   1.3983743e+00  -1.4058267e+00   4.0311351e-01
   2.0000000e+00   1.4797125e+00   1.3002868e-01   2.5127400e+00  -3.5315254e-01  -3.8879090e-01   3.8518179e-01
   2.0000000e+00  -7.1254842e-01  -1.4458365e+00   4.1039378e-01  -1.3608038e+00  -1.2329282e+00   2.2120820e-01
   2.0000000e+00   1.6857889e-01  -1.6587089e+00  -3.1426142e-01   1.0524256e+00  -5.7849642e-01  -4.0929790e-01
   2.0000000e+00  -1.3687468e-01  -6.7883923e-01  -1.0518522e+00  -9.9722832e-01   1.0026764e+00   2.6675084e-01
   2.0000000e+00   3.2206362e-01   1.8696663e+00  -2.9210731e+00   1.0227127e+00  -8.0646770e-01  -2.7947365e-01
   2.0000000e+00  -1.1148499e-01   3.8862982e-01   4.1445729e-01   5.9896654e-03   9.1801254e-01   1.3715562e+00
   2.0000000e+00  -6.9701286e-02  -2.2391073e+00  -1.1201629e-01   3.2726257e-01   9.8328933e-02  -2.3281400e+00
   1.0000000e+00   1.9191781e-01   4.2839181e-01   3.3621564e-01   1.1380729e+00   5.7831479e-01   3.2273011e-01
   2.0000000e+00  -1.9933675e-01   9.6485230e-01  -2.8861738e-02  -1.8798422e-01   7.8043336e-01   1.3438937e+00
   2.0000000e+00  -8.5565395e-01  -3.0359202e-01  -1.7462311e+00  -9.6519888e-01  -9.0324051e-01  -2.6600956e-01
   1.0000000e+00   9.0831767e-01   2.5912357e-01   7.5740466e-03   4.0263506e-01   5.5343939e-01   2.8901193e-01
   2.0000000e+00  -3.6181291e-01  -2.2003751e-01   1.5738804e+00  -1.2750414e-01  -1.2399048e+00   8.4131762e-01
   2.0000000e+00  -5.9848200e-01   4.0467036e-01  -1.2850143e+00  -2.3373010e+00  -7.2033471e-02   1.1367985e+00
   2.0000000e+00   5.4155079e-01   1.0551069e+00  -1.2717440e+00  -5.2418284e-01   2.3680685e-02  -1.1146788e+00
   2.0000000e+00  -8.5448884e-01  -9.6325415e-01   5.8258017e-01   5.0070483e-01   2.7329401e-01  -2.8862570e-01
   1.0000000e+00   1.4052849e-01   2.7791525e-02  -4.8420711e-01   1.4141942e+00  -4.7810277e-01  -2.3841568e-01
   2.0000000e+00  -8.0217101e-01   2.4001040e-01   5.1924194e-01  -7.4223491e-01  -3.8562918e-01   1.3734365e+00
   2.0000000e+00  -1.3740887e+00   1.6940025e+00  -5.2205363e-01   2.4362905e+00   7.6824241e-01   1.6726831e-01
   1.0000000e+00   6.8254345e-02  -3.1118494e-03  -3.3657374e-01   1.0110565e-01   7.3791180e-01   7.3668381e-01
   2.0000000e+00  -5.3293118e-01   1.3917637e+00   1.0026266e+00  -1.2936312e+00   2.7231851e-01   9.1768020e-01
   1.0000000e+00   3.8515351e-02  -5.0553196e-02  -1.8215435e+00  -1.2323162e+00  -2.8001099e-01  -1.2226846e+00
   2.0000000e+00   1.6491236e+00  -5.7607467e-02  -3.7050022e-01  -5.7053917e-02   1.7404988e+00  -3.6894335e-01
   2.0000000e+00   1.5363877e+00  -1.4033694e-01   9.9032822e-02  -1.3277448e+00  -7.8290127e-01  -9.1802793e-01
   2.0000000e+00   4.8169380e-01   9.9580658e-01   6.2823403e-01   1.5069868e+00  -1.8642597e-01   1.7452672e+00
   1.0000000e+00   1.0938920e-01  -9.3736180e-01   5.7032074e-01  -1.8497506e+00  -2.1762468e+00  -8.5109731e-01
   2.0000000e+00   1.3556694e+00  -1.2112671e+00  -7.4669501e-01   2.1117503e-01  -4.4772422e-01   1.3622435e-01
   2.0000000e+00  -1.1494822e+00  -4.5212362e-01   1.7223113e+00   3.9178827e-01   5.8250806e-01  -4.4270483e-02
   2.0000000e+00  -5.3455270e-01  -5.8291803e-01   1.0080266e+00   1.2887071e+00  -2.1409688e-03  -2.1049584e+00
   2.0000000e+00  -1.0652657e+00  -6.3081362e-01  -2.6046993e-01   1.4491405e+00  -8.0008319e-01  -8.6227634e-01
   2.0000000e+00   5.9743174e-01  -1.1127424e+00  -4.6633374e-01  -1.8963701e+00  -6.6474527e-01  -2.3529555e+00
   2.0000000e+00  -1.8627784e+00   7.7067347e-01  -2.0898887e+00  -1.3759533e+00   6.7022060e-01  -1.2174093e+00
   1.0000000e+00   2.4331244e-01  -6.6374809e-01   7.2444977e-01  -7.6398485e-03   3.5172788e-01  -1.6192379e-01
   2.0000000e+00  -9.7968795e-01  -6.8426564e-02  -7.7642749e-02   5.2017805e-01  -2.8062257e-01   1.9170604e+00
   2.0000000e+00  -1.0744228e+00   1.7733717e-01   6.1830209e-01  -7.2000151e-01   1.7298426e+00  -1.4898720e+00
   2.0000000e+00  -1.0148278e+00  -1.8254886e+00   8.4139042e-01  -9.8095239e-01   1.1550076e+00  -3.4275222e-01
   2.0000000e+00   1.0133486e+00  -6.1607258e-01   1.2702859e+00  -2.6388822e-01  -4.7528592e-01  -4.3946155e-01
   2.0000000e+00  -6.2838106e-01   5.0767130e-01  -3.4666854e-01   1.2670681e+00  -2.5123275e-02  -3.9411901e-01
   2.0000000e+00   4.0160431e-01  -1.1860695e+00  -4.5974278e-01  -6.7828733e-01  -3.8782751e-01   1.3035236e+00
   2.0000000e+00  -3.1062535e-01   7.9725525e-01   1.4682589e+00  -2.3207673e-01   1.2933977e+00  -1.1727957e-01
